Number of nodes 621 
     0 :  0.0000000e+00  1.0000000e+00 
     1 :  0.0000000e+00  0.0000000e+00 
     2 :  1.0000000e+00  1.0000000e+00 
     3 :  1.0000000e+00  7.5000000e-01 
     4 :  5.0000000e-01  7.5000000e-01 
     5 :  5.0000000e-01  2.5000000e-01 
     6 :  1.0000000e+00  2.5000000e-01 
     7 :  1.0000000e+00  0.0000000e+00 
     8 :  0.0000000e+00  9.6428571e-01 
     9 :  0.0000000e+00  3.5714286e-02 
    10 :  0.0000000e+00  1.0714286e-01 
    11 :  0.0000000e+00  1.7857143e-01 
    12 :  0.0000000e+00  2.5000000e-01 
    13 :  0.0000000e+00  3.2142857e-01 
    14 :  0.0000000e+00  3.9285714e-01 
    15 :  0.0000000e+00  4.6428571e-01 
    16 :  0.0000000e+00  5.3571429e-01 
    17 :  0.0000000e+00  6.0714286e-01 
    18 :  0.0000000e+00  6.7857143e-01 
    19 :  0.0000000e+00  7.5000000e-01 
    20 :  0.0000000e+00  8.2142857e-01 
    21 :  0.0000000e+00  8.9285714e-01 
    22 :  0.0000000e+00  9.2857143e-01 
    23 :  0.0000000e+00  8.5714286e-01 
    24 :  0.0000000e+00  7.8571429e-01 
    25 :  0.0000000e+00  7.1428571e-01 
    26 :  0.0000000e+00  6.4285714e-01 
    27 :  0.0000000e+00  5.7142857e-01 
    28 :  0.0000000e+00  5.0000000e-01 
    29 :  0.0000000e+00  4.2857143e-01 
    30 :  0.0000000e+00  3.5714286e-01 
    31 :  0.0000000e+00  2.8571429e-01 
    32 :  0.0000000e+00  2.1428571e-01 
    33 :  0.0000000e+00  1.4285714e-01 
    34 :  0.0000000e+00  7.1428571e-02 
    35 :  9.6428571e-01  1.0000000e+00 
    36 :  3.5714286e-02  1.0000000e+00 
    37 :  1.0714286e-01  1.0000000e+00 
    38 :  1.7857143e-01  1.0000000e+00 
    39 :  2.5000000e-01  1.0000000e+00 
    40 :  3.2142857e-01  1.0000000e+00 
    41 :  3.9285714e-01  1.0000000e+00 
    42 :  4.6428571e-01  1.0000000e+00 
    43 :  5.3571429e-01  1.0000000e+00 
    44 :  6.0714286e-01  1.0000000e+00 
    45 :  6.7857143e-01  1.0000000e+00 
    46 :  7.5000000e-01  1.0000000e+00 
    47 :  8.2142857e-01  1.0000000e+00 
    48 :  8.9285714e-01  1.0000000e+00 
    49 :  9.2857143e-01  1.0000000e+00 
    50 :  8.5714286e-01  1.0000000e+00 
    51 :  7.8571429e-01  1.0000000e+00 
    52 :  7.1428571e-01  1.0000000e+00 
    53 :  6.4285714e-01  1.0000000e+00 
    54 :  5.7142857e-01  1.0000000e+00 
    55 :  5.0000000e-01  1.0000000e+00 
    56 :  4.2857143e-01  1.0000000e+00 
    57 :  3.5714286e-01  1.0000000e+00 
    58 :  2.8571429e-01  1.0000000e+00 
    59 :  2.1428571e-01  1.0000000e+00 
    60 :  1.4285714e-01  1.0000000e+00 
    61 :  7.1428571e-02  1.0000000e+00 
    62 :  1.0000000e+00  7.8125000e-01 
    63 :  1.0000000e+00  8.4375000e-01 
    64 :  1.0000000e+00  9.0625000e-01 
    65 :  1.0000000e+00  9.6875000e-01 
    66 :  1.0000000e+00  8.1250000e-01 
    67 :  1.0000000e+00  8.7500000e-01 
    68 :  1.0000000e+00  9.3750000e-01 
    69 :  9.6428571e-01  7.5000000e-01 
    70 :  8.9285714e-01  7.5000000e-01 
    71 :  8.2142857e-01  7.5000000e-01 
    72 :  7.5000000e-01  7.5000000e-01 
    73 :  6.7857143e-01  7.5000000e-01 
    74 :  6.0714286e-01  7.5000000e-01 
    75 :  5.3571429e-01  7.5000000e-01 
    76 :  9.2857143e-01  7.5000000e-01 
    77 :  8.5714286e-01  7.5000000e-01 
    78 :  7.8571429e-01  7.5000000e-01 
    79 :  7.1428571e-01  7.5000000e-01 
    80 :  6.4285714e-01  7.5000000e-01 
    81 :  5.7142857e-01  7.5000000e-01 
    82 :  4.6442129e-01  7.4745536e-01 
    83 :  4.6442129e-01  2.5254464e-01 
    84 :  3.9614625e-01  2.7259200e-01 
    85 :  3.3628482e-01  3.1106261e-01 
    86 :  2.8968662e-01  3.6483980e-01 
    87 :  2.6012676e-01  4.2956686e-01 
    88 :  2.5000000e-01  5.0000000e-01 
    89 :  2.6012676e-01  5.7043314e-01 
    90 :  2.8968662e-01  6.3516020e-01 
    91 :  3.3628482e-01  6.8893739e-01 
    92 :  3.9614625e-01  7.2740800e-01 
    93 :  4.2956686e-01  7.3987324e-01 
    94 :  3.6483980e-01  7.1031338e-01 
    95 :  3.1106261e-01  6.6371518e-01 
    96 :  2.7259200e-01  6.0385375e-01 
    97 :  2.5254464e-01  5.3557871e-01 
    98 :  2.5254464e-01  4.6442129e-01 
    99 :  2.7259200e-01  3.9614625e-01 
   100 :  3.1106261e-01  3.3628482e-01 
   101 :  3.6483980e-01  2.8968662e-01 
   102 :  4.2956686e-01  2.6012676e-01 
   103 :  5.3571429e-01  2.5000000e-01 
   104 :  6.0714286e-01  2.5000000e-01 
   105 :  6.7857143e-01  2.5000000e-01 
   106 :  7.5000000e-01  2.5000000e-01 
   107 :  8.2142857e-01  2.5000000e-01 
   108 :  8.9285714e-01  2.5000000e-01 
   109 :  9.6428571e-01  2.5000000e-01 
   110 :  5.7142857e-01  2.5000000e-01 
   111 :  6.4285714e-01  2.5000000e-01 
   112 :  7.1428571e-01  2.5000000e-01 
   113 :  7.8571429e-01  2.5000000e-01 
   114 :  8.5714286e-01  2.5000000e-01 
   115 :  9.2857143e-01  2.5000000e-01 
   116 :  1.0000000e+00  3.1250000e-02 
   117 :  1.0000000e+00  9.3750000e-02 
   118 :  1.0000000e+00  1.5625000e-01 
   119 :  1.0000000e+00  2.1875000e-01 
   120 :  1.0000000e+00  6.2500000e-02 
   121 :  1.0000000e+00  1.2500000e-01 
   122 :  1.0000000e+00  1.8750000e-01 
   123 :  3.5714286e-02  0.0000000e+00 
   124 :  9.6428571e-01  0.0000000e+00 
   125 :  8.9285714e-01  0.0000000e+00 
   126 :  8.2142857e-01  0.0000000e+00 
   127 :  7.5000000e-01  0.0000000e+00 
   128 :  6.7857143e-01  0.0000000e+00 
   129 :  6.0714286e-01  0.0000000e+00 
   130 :  5.3571429e-01  0.0000000e+00 
   131 :  4.6428571e-01  0.0000000e+00 
   132 :  3.9285714e-01  0.0000000e+00 
   133 :  3.2142857e-01  0.0000000e+00 
   134 :  2.5000000e-01  0.0000000e+00 
   135 :  1.7857143e-01  0.0000000e+00 
   136 :  1.0714286e-01  0.0000000e+00 
   137 :  7.1428571e-02  0.0000000e+00 
   138 :  1.4285714e-01  0.0000000e+00 
   139 :  2.1428571e-01  0.0000000e+00 
   140 :  2.8571429e-01  0.0000000e+00 
   141 :  3.5714286e-01  0.0000000e+00 
   142 :  4.2857143e-01  0.0000000e+00 
   143 :  5.0000000e-01  0.0000000e+00 
   144 :  5.7142857e-01  0.0000000e+00 
   145 :  6.4285714e-01  0.0000000e+00 
   146 :  7.1428571e-01  0.0000000e+00 
   147 :  7.8571429e-01  0.0000000e+00 
   148 :  8.5714286e-01  0.0000000e+00 
   149 :  9.2857143e-01  0.0000000e+00 
   150 :  1.0398251e-01  1.1179993e-01 
   151 :  8.2142680e-01  3.1281707e-02 
   152 :  3.7952868e-02  7.8543937e-01 
   153 :  3.2519561e-01  9.6920317e-01 
   154 :  4.9941395e-02  3.5228739e-01 
   155 :  1.3098593e-01  4.7392514e-01 
   156 :  2.6822377e-02  3.2238047e-01 
   157 :  6.8115172e-02  5.6204751e-01 
   158 :  5.0282339e-01  9.4115831e-01 
   159 :  7.8581463e-01  8.1270913e-01 
   160 :  5.0469582e-01  8.8268241e-01 
   161 :  6.4345134e-01  8.1387535e-01 
   162 :  1.4058845e-01  7.5128383e-02 
   163 :  3.2085770e-01  3.6291901e-02 
   164 :  4.6400203e-01  1.6362423e-01 
   165 :  5.4910581e-02  3.7989651e-01 
   166 :  1.7113057e-01  3.7837911e-01 
   167 :  7.8480064e-02  3.2986926e-01 
   168 :  3.4536637e-02  1.0872484e-01 
   169 :  3.2097375e-02  2.1761926e-01 
   170 :  2.0220464e-01  2.3792728e-01 
   171 :  7.4998992e-01  1.2520529e-01 
   172 :  3.9997168e-01  7.7975147e-01 
   173 :  1.1312421e-01  8.5881930e-01 
   174 :  3.5084570e-01  8.2148269e-01 
   175 :  1.5323520e-01  8.2416132e-01 
   176 :  2.0776972e-01  3.8239936e-01 
   177 :  3.6435126e-01  9.4017685e-01 
   178 :  1.9530419e-01  4.6630278e-01 
   179 :  6.4282053e-01  1.2577724e-01 
   180 :  6.0711847e-01  3.1676809e-02 
   181 :  9.6429240e-01  8.1251310e-01 
   182 :  7.1441772e-01  7.8154168e-01 
   183 :  9.2859052e-01  8.4378776e-01 
   184 :  9.2857938e-01  7.8126573e-01 
   185 :  5.7212820e-01  9.6986163e-01 
   186 :  5.7331173e-01  8.4794393e-01 
   187 :  8.2151984e-01  8.7518384e-01 
   188 :  5.7340091e-01  8.7885427e-01 
   189 :  7.5020456e-01  9.0665781e-01 
   190 :  1.4827415e-01  6.6859560e-01 
   191 :  7.1691924e-02  6.3647285e-01 
   192 :  7.5067607e-02  7.1118690e-01 
   193 :  1.6571519e-01  4.2632030e-01 
   194 :  9.6429513e-01  8.7501849e-01 
   195 :  6.7855040e-01  1.5671927e-01 
   196 :  8.5714176e-01  3.1270046e-02 
   197 :  6.4282901e-01  6.3026300e-02 
   198 :  8.5714117e-01  1.8753739e-01 
   199 :  9.2857105e-01  3.1257099e-02 
   200 :  3.5587628e-01  1.4282138e-01 
   201 :  4.3372504e-01  9.4177342e-01 
   202 :  4.3863982e-01  8.8527187e-01 
   203 :  9.6461050e-02  4.4083989e-01 
   204 :  5.0392160e-01  8.2395760e-01 
   205 :  5.3565617e-01  3.2194104e-02 
   206 :  3.2030067e-01  7.2769813e-02 
   207 :  4.6415272e-01  3.3165065e-02 
   208 :  4.4254609e-01  7.9388262e-01 
   209 :  2.4806043e-01  7.5198775e-02 
   210 :  5.3557701e-01  1.2789378e-01 
   211 :  3.9916963e-01  9.4126268e-01 
   212 :  2.6130816e-01  9.0247965e-01 
   213 :  8.9287078e-01  7.8127753e-01 
   214 :  8.5716480e-01  7.8129497e-01 
   215 :  6.0829715e-01  9.0840808e-01 
   216 :  7.8570854e-01  1.5637191e-01 
   217 :  9.2857076e-01  6.2513115e-02 
   218 :  3.7838775e-02  8.2154334e-01 
   219 :  2.5352265e-01  9.6743008e-01 
   220 :  3.3167142e-02  1.8137432e-01 
   221 :  7.4999225e-01  6.2643177e-02 
   222 :  2.1063199e-01  1.1418278e-01 
   223 :  1.5299197e-01  7.0864730e-01 
   224 :  6.0708618e-01  1.2620867e-01 
   225 :  7.1427900e-01  3.1369450e-02 
   226 :  4.1845432e-01  8.0846554e-01 
   227 :  2.4336269e-01  7.5684316e-01 
   228 :  4.4265452e-01  8.3335193e-01 
   229 :  1.3007291e-01  3.7541569e-01 
   230 :  2.8172202e-01  1.9166424e-01 
   231 :  4.1368880e-01  8.3191760e-01 
   232 :  3.0269790e-01  8.7444373e-01 
   233 :  1.5489218e-01  7.4853276e-01 
   234 :  2.0622463e-01  1.9471203e-01 
   235 :  1.3468932e-01  5.5244969e-01 
   236 :  1.0866523e-01  9.6495378e-01 
   237 :  9.6428542e-01  1.5625779e-01 
   238 :  3.5370561e-02  3.6215051e-02 
   239 :  6.4283357e-01  1.8807810e-01 
   240 :  2.4968894e-01  7.1022565e-01 
   241 :  5.7517884e-02  2.9259253e-01 
   242 :  7.1452735e-01  9.3797014e-01 
   243 :  6.4368194e-01  8.7667754e-01 
   244 :  9.6429443e-01  9.0626695e-01 
   245 :  2.4692177e-01  1.1357313e-01 
   246 :  2.0881019e-01  1.5368894e-01 
   247 :  9.2857072e-01  1.5626714e-01 
   248 :  1.0237024e-01  1.4947662e-01 
   249 :  8.5714024e-01  1.2505274e-01 
   250 :  3.8337307e-01  8.2773849e-01 
   251 :  2.9341312e-01  9.3682494e-01 
   252 :  3.7826429e-02  7.4915209e-01 
   253 :  6.4342753e-01  9.3855890e-01 
   254 :  8.9289024e-01  8.4381601e-01 
   255 :  7.1462930e-01  8.7570063e-01 
   256 :  7.5022160e-01  8.7545012e-01 
   257 :  6.7855316e-01  6.2842708e-02 
   258 :  1.0521553e-01  7.4377565e-02 
   259 :  1.9736253e-01  7.5065181e-01 
   260 :  7.3418572e-02  9.2927115e-01 
   261 :  4.4086112e-01  8.5844612e-01 
   262 :  2.1242147e-01  6.1950949e-01 
   263 :  1.1642792e-01  3.0878395e-01 
   264 :  2.5769287e-01  3.4820142e-01 
   265 :  1.2491557e-01  2.6970300e-01 
   266 :  3.7255942e-01  8.8210045e-01 
   267 :  1.8391374e-01  9.3174900e-01 
   268 :  4.0959696e-01  8.5740726e-01 
   269 :  9.6428553e-01  1.8750596e-01 
   270 :  6.0709930e-01  6.3302497e-02 
   271 :  2.8254604e-01  1.5086355e-01 
   272 :  9.2857094e-01  1.8751312e-01 
   273 :  1.1494211e-01  7.8575426e-01 
   274 :  7.4999109e-01  1.5644107e-01 
   275 :  1.9943582e-01  4.2548981e-01 
   276 :  2.2505155e-01  4.6491342e-01 
   277 :  9.2857059e-01  1.2501855e-01 
   278 :  8.9285596e-01  6.2522853e-02 
   279 :  2.0324446e-01  5.8129324e-01 
   280 :  1.9276996e-01  8.2689126e-01 
   281 :  5.3558163e-01  9.6235949e-02 
   282 :  2.8418280e-01  7.4212320e-02 
   283 :  2.7903616e-02  3.8682311e-01 
   284 :  8.9285564e-01  9.3779884e-02 
   285 :  8.9285647e-01  3.1262350e-02 
   286 :  3.1788419e-01  7.1175723e-01 
   287 :  2.2812729e-01  8.6579544e-01 
   288 :  3.3668355e-01  7.5668031e-01 
   289 :  6.7906010e-01  9.0721099e-01 
   290 :  8.2149316e-01  9.3762815e-01 
   291 :  1.6556583e-01  2.3445120e-01 
   292 :  3.9206243e-01  1.3849192e-01 
   293 :  8.5714037e-01  9.3798601e-02 
   294 :  1.4178153e-01  3.7489243e-02 
   295 :  3.5635025e-01  7.1056439e-02 
   296 :  3.3823251e-01  8.7865265e-01 
   297 :  3.7414110e-02  7.1272150e-01 
   298 :  1.4705128e-01  9.3063223e-01 
   299 :  9.6428935e-01  7.8125714e-01 
   300 :  7.8584577e-01  8.4401996e-01 
   301 :  6.0764313e-01  7.8261388e-01 
   302 :  8.5719631e-01  8.4385767e-01 
   303 :  7.5020477e-01  8.4417467e-01 
   304 :  9.2858595e-01  9.3752840e-01 
   305 :  4.9979427e-01  9.7445880e-02 
   306 :  2.4906224e-01  3.7453939e-02 
   307 :  4.2805892e-01  1.3468358e-01 
   308 :  6.9154615e-02  1.1030447e-01 
   309 :  4.9996233e-01  2.2146877e-01 
   310 :  5.7140134e-01  2.1960263e-01 
   311 :  9.6428542e-01  6.2505977e-02 
   312 :  5.3567705e-01  2.2021872e-01 
   313 :  2.4176910e-01  3.8821314e-01 
   314 :  9.2859038e-01  9.0628738e-01 
   315 :  6.7894360e-01  9.3821111e-01 
   316 :  7.1460210e-01  9.0687848e-01 
   317 :  6.4284495e-01  2.1906858e-01 
   318 :  3.9269069e-01  2.0705213e-01 
   319 :  6.0712440e-01  2.1926520e-01 
   320 :  2.8073492e-01  2.9690824e-01 
   321 :  3.5906934e-01  2.5387116e-01 
   322 :  2.1203470e-01  7.5649035e-02 
   323 :  3.2323521e-01  2.7145727e-01 
   324 :  6.4316454e-01  9.6930673e-01 
   325 :  7.5008458e-01  7.8143163e-01 
   326 :  6.7895195e-01  8.1334612e-01 
   327 :  6.7855603e-01  1.8786475e-01 
   328 :  7.1427568e-01  1.8773136e-01 
   329 :  7.8570931e-01  6.2591994e-02 
   330 :  7.1428047e-01  2.1887612e-01 
   331 :  4.9988321e-01  1.9167010e-01 
   332 :  6.7856342e-01  2.1894963e-01 
   333 :  3.5890173e-02  6.3973031e-01 
   334 :  7.3551514e-02  6.7380356e-01 
   335 :  3.6734224e-02  6.7622444e-01 
   336 :  4.1294787e-01  7.5932203e-01 
   337 :  2.8946598e-01  9.6832716e-01 
   338 :  2.9949836e-01  7.3895793e-01 
   339 :  8.5720082e-01  8.7511585e-01 
   340 :  6.7906679e-01  8.4480465e-01 
   341 :  6.4317805e-01  7.8204028e-01 
   342 :  7.8570777e-01  1.2513131e-01 
   343 :  7.8570805e-01  9.3870677e-02 
   344 :  5.7136093e-01  6.3711499e-02 
   345 :  5.7220619e-01  7.8374188e-01 
   346 :  6.7910407e-01  8.7608687e-01 
   347 :  7.1460423e-01  8.4441842e-01 
   348 :  7.2423508e-02  9.6466564e-01 
   349 :  3.4992220e-02  7.2450078e-02 
   350 :  8.5714089e-01  6.2537125e-02 
   351 :  6.0709319e-01  1.5741163e-01 
   352 :  4.2886882e-01  2.3084663e-01 
   353 :  9.2859202e-01  8.7504069e-01 
   354 :  6.7877716e-01  7.8172473e-01 
   355 :  9.6429241e-01  9.3751288e-01 
   356 :  7.5015662e-01  8.1283125e-01 
   357 :  5.2990172e-02  3.2447525e-01 
   358 :  1.8416731e-01  3.3000005e-01 
   359 :  1.0243762e-01  3.4590348e-01 
   360 :  8.5718364e-01  8.1258282e-01 
   361 :  6.0807369e-01  8.1477673e-01 
   362 :  6.0841888e-01  8.7756496e-01 
   363 :  8.2146322e-01  7.8132187e-01 
   364 :  8.9289017e-01  9.0631539e-01 
   365 :  9.2858608e-01  8.1252901e-01 
   366 :  7.8581529e-01  9.3769941e-01 
   367 :  8.2151302e-01  9.0641842e-01 
   368 :  8.5718382e-01  9.3758113e-01 
   369 :  8.2151276e-01  8.4392125e-01 
   370 :  8.9288243e-01  9.3754981e-01 
   371 :  8.2142587e-01  1.8755947e-01 
   372 :  7.1427201e-01  1.5654933e-01 
   373 :  5.7137444e-01  1.8899571e-01 
   374 :  4.6404160e-01  6.6241073e-02 
   375 :  1.0622818e-01  3.7142878e-02 
   376 :  3.3951032e-02  1.4504303e-01 
   377 :  7.4999657e-01  2.1883002e-01 
   378 :  9.6428536e-01  1.2500843e-01 
   379 :  6.0710694e-01  1.8842396e-01 
   380 :  7.1427077e-01  9.4042689e-02 
   381 :  9.7049522e-02  2.2540746e-01 
   382 :  7.4999029e-01  9.3938263e-02 
   383 :  3.5673216e-01  2.1623055e-01 
   384 :  7.0038168e-02  7.3454714e-02 
   385 :  3.7750208e-01  8.5429562e-01 
   386 :  1.1020503e-01  9.2982844e-01 
   387 :  1.8974140e-01  8.6253064e-01 
   388 :  1.4492784e-01  9.6535695e-01 
   389 :  4.9978541e-01  1.2942477e-01 
   390 :  6.7854852e-01  9.4203716e-02 
   391 :  6.6461515e-02  1.8431849e-01 
   392 :  5.0147271e-01  9.7055540e-01 
   393 :  4.6821334e-01  9.4169190e-01 
   394 :  4.3117437e-01  9.7078333e-01 
   395 :  4.6630114e-01  9.7077975e-01 
   396 :  5.3766289e-01  9.4041481e-01 
   397 :  5.3674433e-01  9.7021654e-01 
   398 :  6.0760922e-01  9.6955106e-01 
   399 :  8.9289296e-01  8.7507104e-01 
   400 :  2.3756189e-01  7.9545962e-01 
   401 :  2.7815117e-01  8.0440263e-01 
   402 :  1.5463665e-01  7.8703050e-01 
   403 :  2.4073878e-01  2.3940178e-01 
   404 :  2.8495836e-01  3.6975135e-02 
   405 :  5.3559636e-01  1.5917102e-01 
   406 :  5.0172367e-01  7.9237009e-01 
   407 :  5.3805527e-01  8.1916741e-01 
   408 :  5.3690663e-01  7.8621171e-01 
   409 :  1.7619503e-01  7.5592932e-02 
   410 :  6.4284137e-01  3.1531359e-02 
   411 :  6.7856117e-01  3.1433881e-02 
   412 :  6.0708807e-01  9.4827795e-02 
   413 :  3.9231474e-01  6.9286543e-02 
   414 :  2.3252247e-01  8.3126889e-01 
   415 :  2.7140004e-01  8.3729134e-01 
   416 :  3.0859278e-01  8.4371440e-01 
   417 :  7.5946419e-02  7.4844284e-01 
   418 :  8.2142440e-01  1.2508364e-01 
   419 :  6.7854765e-01  1.2549913e-01 
   420 :  4.6395203e-01  1.3164787e-01 
   421 :  3.3449551e-02  5.3032383e-01 
   422 :  3.4184217e-02  5.6680975e-01 
   423 :  6.6685166e-02  5.2475865e-01 
   424 :  6.5392026e-02  4.8725461e-01 
   425 :  2.2095465e-01  3.3781354e-01 
   426 :  5.3560960e-01  6.4303150e-02 
   427 :  7.4999347e-01  1.8764721e-01 
   428 :  2.8099918e-01  2.3673523e-01 
   429 :  9.2857059e-01  9.3767130e-02 
   430 :  4.9981679e-01  1.6090270e-01 
   431 :  1.5131534e-01  8.6026366e-01 
   432 :  6.9807400e-02  5.9924293e-01 
   433 :  3.5008384e-02  6.0326481e-01 
   434 :  4.6428556e-01  2.2458568e-01 
   435 :  2.4409351e-01  6.1201800e-01 
   436 :  1.9473881e-01  5.0541160e-01 
   437 :  2.2613292e-01  5.3941626e-01 
   438 :  2.2348421e-01  5.0243668e-01 
   439 :  4.2839894e-01  1.9981833e-01 
   440 :  8.9285616e-01  1.8752293e-01 
   441 :  2.6044643e-01  6.4812935e-01 
   442 :  1.6372117e-01  4.6914035e-01 
   443 :  9.2667720e-02  2.6295739e-01 
   444 :  2.8789970e-02  2.8868597e-01 
   445 :  6.1391582e-02  2.5766615e-01 
   446 :  9.2481941e-02  4.0001686e-01 
   447 :  3.1585774e-01  8.1351761e-01 
   448 :  2.2422767e-01  8.9966712e-01 
   449 :  4.6009530e-01  7.8205671e-01 
   450 :  4.2496506e-01  7.8735306e-01 
   451 :  4.3963517e-01  7.6960864e-01 
   452 :  3.9061682e-01  8.0279097e-01 
   453 :  7.5222772e-02  8.5796005e-01 
   454 :  2.9774424e-01  9.0551331e-01 
   455 :  3.7152435e-02  8.9323024e-01 
   456 :  8.2142488e-01  1.5632752e-01 
   457 :  1.7744336e-01  3.7689002e-02 
   458 :  8.9285559e-01  1.2503240e-01 
   459 :  7.4373159e-02  8.9373267e-01 
   460 :  3.7550945e-02  8.5746438e-01 
   461 :  2.8447121e-01  6.8420431e-01 
   462 :  4.9983925e-01  6.5131573e-02 
   463 :  8.5714054e-01  1.5629881e-01 
   464 :  4.9991147e-01  3.2613371e-02 
   465 :  1.3721127e-01  1.5148830e-01 
   466 :  1.0742106e-01  6.3305167e-01 
   467 :  1.3831679e-01  5.9078024e-01 
   468 :  1.0168824e-01  5.5721990e-01 
   469 :  1.0430938e-01  5.9508707e-01 
   470 :  3.2912207e-01  9.3863795e-01 
   471 :  2.1740990e-01  9.6660116e-01 
   472 :  1.1427895e-01  8.2262676e-01 
   473 :  2.1321120e-01  3.7689883e-02 
   474 :  2.4553261e-01  1.5307350e-01 
   475 :  3.9212817e-01  1.0391730e-01 
   476 :  6.9484893e-02  3.5056005e-01 
   477 :  1.4838069e-01  3.2119577e-01 
   478 :  9.8129544e-02  4.8048603e-01 
   479 :  6.3785475e-02  4.4959362e-01 
   480 :  5.7135210e-01  1.5808816e-01 
   481 :  8.2142460e-01  9.3826979e-02 
   482 :  1.3453134e-01  1.9046513e-01 
   483 :  1.1335399e-01  7.0978244e-01 
   484 :  1.1065178e-01  6.7129701e-01 
   485 :  6.4282486e-01  1.5698711e-01 
   486 :  3.2744125e-02  4.9377834e-01 
   487 :  8.6641103e-02  2.9876308e-01 
   488 :  8.2149284e-01  8.1263197e-01 
   489 :  9.6429442e-01  8.4376711e-01 
   490 :  7.5015652e-01  9.3780737e-01 
   491 :  7.8576841e-01  7.8136416e-01 
   492 :  6.4362816e-01  8.4541902e-01 
   493 :  5.7139083e-01  3.1889883e-02 
   494 :  1.8676444e-01  8.9736810e-01 
   495 :  3.5940991e-01  7.9473847e-01 
   496 :  3.4392826e-01  8.4958370e-01 
   497 :  1.6983208e-01  1.9310508e-01 
   498 :  5.0481072e-01  8.5352042e-01 
   499 :  5.3876126e-01  8.8060543e-01 
   500 :  5.3869073e-01  8.5029851e-01 
   501 :  7.1427380e-01  6.2721968e-02 
   502 :  4.2809019e-01  1.0129392e-01 
   503 :  1.4300724e-01  6.2934740e-01 
   504 :  4.3622588e-01  9.1317937e-01 
   505 :  1.8119091e-01  9.6590269e-01 
   506 :  6.8009720e-02  1.4727320e-01 
   507 :  1.1476227e-01  7.4810056e-01 
   508 :  7.5867825e-02  8.2186150e-01 
   509 :  2.8695714e-01  7.7136242e-01 
   510 :  5.7289558e-01  8.1635554e-01 
   511 :  5.0394988e-01  9.1186313e-01 
   512 :  5.3837407e-01  9.1057263e-01 
   513 :  2.4366412e-01  1.9452780e-01 
   514 :  8.9285579e-01  1.5627995e-01 
   515 :  1.9557933e-01  7.8989402e-01 
   516 :  7.6166345e-02  7.8536287e-01 
   517 :  6.0671556e-02  4.1254702e-01 
   518 :  1.3047552e-01  4.3093988e-01 
   519 :  4.7188577e-01  8.3015246e-01 
   520 :  4.7138229e-01  8.8453508e-01 
   521 :  4.7222487e-01  8.5685532e-01 
   522 :  6.4282181e-01  9.4450975e-02 
   523 :  1.7147527e-01  5.8623796e-01 
   524 :  3.1938914e-01  1.4718378e-01 
   525 :  3.9220083e-01  1.7292449e-01 
   526 :  3.5673160e-01  3.5482852e-02 
   527 :  4.6995283e-01  9.1288637e-01 
   528 :  4.2837447e-01  3.3849684e-02 
   529 :  3.9256975e-01  3.4641220e-02 
   530 :  3.5600061e-01  1.7924301e-01 
   531 :  4.4351533e-01  8.1116359e-01 
   532 :  2.5723967e-01  9.3494606e-01 
   533 :  4.2814772e-01  1.6762198e-01 
   534 :  6.7877252e-01  9.6912713e-01 
   535 :  6.0801179e-01  9.3904147e-01 
   536 :  5.7273996e-01  9.3967100e-01 
   537 :  8.5719645e-01  9.0635642e-01 
   538 :  6.0834550e-01  8.4639790e-01 
   539 :  7.1452987e-01  8.1302713e-01 
   540 :  2.2594887e-01  6.5996272e-01 
   541 :  2.2069237e-01  9.3320436e-01 
   542 :  3.6069913e-01  9.6995928e-01 
   543 :  7.8584611e-01  9.0651308e-01 
   544 :  3.1978816e-01  1.0963594e-01 
   545 :  1.3064752e-01  2.2998119e-01 
   546 :  4.6396934e-01  9.9117608e-02 
   547 :  6.4360970e-01  9.0770277e-01 
   548 :  1.7820811e-01  6.2505499e-01 
   549 :  3.2503947e-01  7.8424726e-01 
   550 :  1.3227463e-01  5.1378115e-01 
   551 :  9.9677184e-02  5.1914726e-01 
   552 :  1.7467717e-01  1.1394794e-01 
   553 :  5.7134335e-01  9.5395577e-02 
   554 :  5.7134050e-01  1.2687473e-01 
   555 :  8.2142543e-01  6.2558758e-02 
   556 :  9.6428535e-01  9.3757789e-02 
   557 :  1.1171815e-01  8.9449841e-01 
   558 :  1.4920247e-01  8.9566745e-01 
   559 :  3.1926981e-01  1.8589839e-01 
   560 :  1.3913172e-01  1.1307802e-01 
   561 :  1.9542769e-01  2.8368193e-01 
   562 :  1.5889796e-01  2.7711191e-01 
   563 :  3.6998301e-01  7.6985920e-01 
   564 :  2.3498998e-01  2.8969235e-01 
   565 :  7.1427022e-01  1.2532027e-01 
   566 :  3.1856705e-02  4.5725158e-01 
   567 :  1.6415560e-01  5.0914998e-01 
   568 :  3.8254646e-01  7.4746742e-01 
   569 :  7.4999562e-01  3.1327193e-02 
   570 :  4.2820549e-01  6.7642015e-02 
   571 :  7.8571007e-01  1.8759371e-01 
   572 :  4.6412078e-01  1.9474681e-01 
   573 :  1.8668138e-01  6.6530882e-01 
   574 :  3.3339280e-01  9.0840562e-01 
   575 :  2.6593285e-01  8.6995720e-01 
   576 :  3.6824773e-01  9.1081906e-01 
   577 :  1.0015911e-01  1.8740284e-01 
   578 :  2.3293629e-01  5.7589261e-01 
   579 :  4.6898501e-01  8.0490560e-01 
   580 :  4.0588638e-01  8.8440895e-01 
   581 :  3.1988765e-01  2.2667012e-01 
   582 :  3.0328885e-02  4.2116820e-01 
   583 :  8.0822077e-02  3.6929086e-01 
   584 :  7.8585686e-01  8.7528831e-01 
   585 :  2.8337767e-01  1.1201658e-01 
   586 :  9.6428555e-01  3.1253239e-02 
   587 :  4.0243792e-01  9.1247586e-01 
   588 :  8.9288242e-01  8.1255081e-01 
   589 :  7.8571148e-01  3.1299619e-02 
   590 :  3.9600352e-01  9.7050654e-01 
   591 :  1.6676267e-01  5.4787353e-01 
   592 :  2.5916793e-02  3.5452195e-01 
   593 :  3.5057995e-01  7.3203553e-01 
   594 :  3.0648380e-02  2.5354378e-01 
   595 :  1.7267287e-01  1.5302118e-01 
   596 :  3.9386793e-01  2.4056028e-01 
   597 :  2.3104056e-01  4.2684489e-01 
   598 :  3.5604065e-01  1.0680247e-01 
   599 :  1.9741361e-01  5.4353071e-01 
   600 :  5.3563414e-01  1.8996658e-01 
   601 :  7.0767541e-02  3.6703128e-02 
   602 :  1.9581340e-01  7.0813961e-01 
   603 :  5.7318900e-01  9.0936994e-01 
   604 :  6.4325592e-02  2.2126445e-01 
   605 :  7.1441654e-01  9.6900094e-01 
   606 :  7.5008482e-01  9.6891487e-01 
   607 :  7.8576897e-01  9.6885732e-01 
   608 :  8.2146358e-01  9.6881914e-01 
   609 :  8.5716504e-01  9.6879384e-01 
   610 :  8.9287080e-01  9.6877685e-01 
   611 :  9.2857931e-01  9.6876525e-01 
   612 :  9.6428939e-01  9.6875693e-01 
   613 :  7.8571205e-01  2.1880084e-01 
   614 :  8.2142715e-01  2.1878227e-01 
   615 :  8.5714198e-01  2.1877029e-01 
   616 :  8.9285664e-01  2.1876242e-01 
   617 :  9.2857119e-01  2.1875710e-01 
   618 :  9.6428563e-01  2.1875324e-01 
   619 :  3.6692324e-02  9.2887983e-01 
   620 :  3.6205041e-02  9.6445585e-01 
Number of edges 150 
     0 :      0      8 
     1 :      8     22 
     2 :     22     21 
     3 :     21     23 
     4 :     23     20 
     5 :     20     24 
     6 :     24     19 
     7 :     19     25 
     8 :     25     18 
     9 :     18     26 
    10 :     26     17 
    11 :     17     27 
    12 :     27     16 
    13 :     16     28 
    14 :     28     15 
    15 :     15     29 
    16 :     29     14 
    17 :     14     30 
    18 :     30     13 
    19 :     13     31 
    20 :     31     12 
    21 :     12     32 
    22 :     32     11 
    23 :     11     33 
    24 :     33     10 
    25 :     10     34 
    26 :     34      9 
    27 :      9      1 
    28 :      2     35 
    29 :     35     49 
    30 :     49     48 
    31 :     48     50 
    32 :     50     47 
    33 :     47     51 
    34 :     51     46 
    35 :     46     52 
    36 :     52     45 
    37 :     45     53 
    38 :     53     44 
    39 :     44     54 
    40 :     54     43 
    41 :     43     55 
    42 :     55     42 
    43 :     42     56 
    44 :     56     41 
    45 :     41     57 
    46 :     57     40 
    47 :     40     58 
    48 :     58     39 
    49 :     39     59 
    50 :     59     38 
    51 :     38     60 
    52 :     60     37 
    53 :     37     61 
    54 :     61     36 
    55 :     36      0 
    56 :      3     62 
    57 :     62     66 
    58 :     66     63 
    59 :     63     67 
    60 :     67     64 
    61 :     64     68 
    62 :     68     65 
    63 :     65      2 
    64 :      3     69 
    65 :     69     76 
    66 :     76     70 
    67 :     70     77 
    68 :     77     71 
    69 :     71     78 
    70 :     78     72 
    71 :     72     79 
    72 :     79     73 
    73 :     73     80 
    74 :     80     74 
    75 :     74     81 
    76 :     81     75 
    77 :     75      4 
    78 :      4     82 
    79 :     82     93 
    80 :     93     92 
    81 :     92     94 
    82 :     94     91 
    83 :     91     95 
    84 :     95     90 
    85 :     90     96 
    86 :     96     89 
    87 :     89     97 
    88 :     97     88 
    89 :     88     98 
    90 :     98     87 
    91 :     87     99 
    92 :     99     86 
    93 :     86    100 
    94 :    100     85 
    95 :     85    101 
    96 :    101     84 
    97 :     84    102 
    98 :    102     83 
    99 :     83      5 
   100 :      5    103 
   101 :    103    110 
   102 :    110    104 
   103 :    104    111 
   104 :    111    105 
   105 :    105    112 
   106 :    112    106 
   107 :    106    113 
   108 :    113    107 
   109 :    107    114 
   110 :    114    108 
   111 :    108    115 
   112 :    115    109 
   113 :    109      6 
   114 :      7    116 
   115 :    116    120 
   116 :    120    117 
   117 :    117    121 
   118 :    121    118 
   119 :    118    122 
   120 :    122    119 
   121 :    119      6 
   122 :      1    123 
   123 :    123    137 
   124 :    137    136 
   125 :    136    138 
   126 :    138    135 
   127 :    135    139 
   128 :    139    134 
   129 :    134    140 
   130 :    140    133 
   131 :    133    141 
   132 :    141    132 
   133 :    132    142 
   134 :    142    131 
   135 :    131    143 
   136 :    143    130 
   137 :    130    144 
   138 :    144    129 
   139 :    129    145 
   140 :    145    128 
   141 :    128    146 
   142 :    146    127 
   143 :    127    147 
   144 :    147    126 
   145 :    126    148 
   146 :    148    125 
   147 :    125    149 
   148 :    149    124 
   149 :    124      7 
Number of quads 545 
     0 :    555    350    293    481
     1 :    411    225    501    257
     2 :    472    273    402    175
     3 :    470    574    576    177
     4 :    296    496    385    266
     5 :    510    407    408    345
     6 :    607    606    490    366
     7 :    609    608    290    368
     8 :    189    316    255    256
     9 :    183    254    588    365
    10 :    325    182     79     72
    11 :    543    189    256    584
    12 :    364    537    339    399
    13 :    205    493    344    426
    14 :    132    142    528    529
    15 :    371    198    615    614
    16 :    216    456    371    571
    17 :    146    127    569    225
    18 :    309    312    103      5
    19 :    312    310    110    103
    20 :    170    403    564    561
    21 :    264    320    100     86
    22 :    353    399    254    183
    23 :    213    214     77     70
    24 :    346    243    492    340
    25 :    186    500    407    510
    26 :    123    137    601    238
    27 :    310    319    104    110
    28 :    319    317    111    104
    29 :     11    220    169     32
    30 :    475    502    307    292
    31 :    320    323     85    100
    32 :    323    321    101     85
    33 :    529    528    570    413
    34 :    303    347    539    356
    35 :    534    324    253    315
    36 :    363    491     78     71
    37 :    362    188    186    538
    38 :    464    205    426    462
    39 :    220    391    604    169
    40 :    292    307    533    525
    41 :    125    149    199    285
    42 :    317    332    105    111
    43 :    332    330    112    105
    44 :    285    199    217    278
    45 :    191    334    335    333
    46 :    333    335     18     26
    47 :    335    297     25     18
    48 :    334    192    297    335
    49 :    388    298    267    505
    50 :    240    602    573    540
    51 :     67    194    489     63
    52 :    489    183    365    181
    53 :    347    340    326    539
    54 :    244    314    353    194
    55 :    376    506    391    220
    56 :    526    529    413    295
    57 :    439    572    434    352
    58 :    536    396    512    603
    59 :    605    534    315    242
    60 :    603    512    499    188
    61 :     63    489    181     66
    62 :    401    509    549    447
    63 :    461    441     90     95
    64 :    461     95     91    286
    65 :    373    379    319    310
    66 :    269    122    119    618
    67 :    596     84    101    321
    68 :    596    352    102     84
    69 :    443    381    545    265
    70 :    301    345     81     74
    71 :     44     54    185    398
    72 :    360    488    363    214
    73 :    610    609    368    370
    74 :    242    315    289    316
    75 :    606    605    242    490
    76 :    315    253    547    289
    77 :    302    369    488    360
    78 :    473    306    209    322
    79 :    349    384    308    168
    80 :    166    176    275    193
    81 :    229    359    263    477
    82 :    594    169    604    445
    83 :     62    299     69      3
    84 :    324    398    535    253
    85 :     45     53    324    534
    86 :    356    539    182    325
    87 :    535    536    603    215
    88 :    181    365    184    299
    89 :    184    213     70     76
    90 :     65    612    355     68
    91 :    537    367    187    339
    92 :    584    256    303    300
    93 :    161    361    301    341
    94 :     52     45    534    605
    95 :    354    341     80     73
    96 :     53     44    398    324
    97 :    491    325     72     78
    98 :    188    499    500    186
    99 :    530    525    318    383
   100 :    343    481    418    342
   101 :    554    224    351    480
   102 :    322    209    245    222
   103 :    528    207    374    570
   104 :     33    376    220     11
   105 :    164    430    331    572
   106 :    524    200    530    559
   107 :    222    245    474    246
   108 :    390    380    565    419
   109 :    440    272    617    616
   110 :    162    409    552    560
   111 :    106    112    330    377
   112 :    379    239    317    319
   113 :    570    374    546    502
   114 :    293    284    458    249
   115 :    311    120    117    556
   116 :    129    145    410    180
   117 :    128    146    225    411
   118 :    130    144    493    205
   119 :     60    388    505     38
   120 :    495    563    172    452
   121 :    581    383    321    323
   122 :    113    106    377    613
   123 :    179    419    195    485
   124 :     56    394    395     42
   125 :     42    395    392     55
   126 :    395    393    158    392
   127 :    394    201    393    395
   128 :     55    392    397     43
   129 :    547    215    362    243
   130 :    214    363     71     77
   131 :    392    158    396    397
   132 :    194    353    183    489
   133 :    314    364    399    353
   134 :    365    588    213    184
   135 :    611    610    370    304
   136 :    226    450    208    531
   137 :    532    212    454    251
   138 :    452    172    450    226
   139 :    557    173    431    558
   140 :    238    601    384    349
   141 :    463    514    440    198
   142 :    506    248    577    391
   143 :     64    244    194     67
   144 :     75    408    406      4
   145 :    408    407    204    406
   146 :    367    543    584    187
   147 :    409    322    222    552
   148 :    294    457    409    162
   149 :    156    592     30     13
   150 :    258    162    560    150
   151 :    458    277    247    514
   152 :    559    530    383    581
   153 :    342    418    456    216
   154 :    144    129    180    493
   155 :    481    293    249    418
   156 :    327    328    330    332
   157 :    177    576    587    211
   158 :    280    515    400    414
   159 :    266    385    268    580
   160 :    513    230    428    403
   161 :    271    524    559    230
   162 :    278    217    429    284
   163 :    372    274    427    328
   164 :    380    382    171    565
   165 :    595    246    234    497
   166 :     34    349    168     10
   167 :    478    424    479    203
   168 :    421    423    157    422
   169 :    359    167    487    263
   170 :    421    422     27     16
   171 :    425    264    313    176
   172 :    275    176    313    597
   173 :    597    313     99     87
   174 :    237    118    122    269
   175 :    171    342    216    274
   176 :    145    128    411    410
   177 :    413    570    502    475
   178 :    127    147    589    569
   179 :    230    559    581    428
   180 :    419    565    372    195
   181 :    465    595    497    482
   182 :    404    163    206    282
   183 :    134    140    404    306
   184 :    221    329    343    382
   185 :    245    585    271    474
   186 :    455    460    453    459
   187 :    157    432    433    422
   188 :    422    433     17     27
   189 :    433    333     26     17
   190 :    432    191    333    433
   191 :    198    440    616    615
   192 :    571    371    614    613
   193 :    434    309      5     83
   194 :    291    170    561    562
   195 :    447    549    495    174
   196 :    437    438     88     97
   197 :    578     89     96    435
   198 :    597     87     98    276
   199 :    438    436    178    276
   200 :    540    262    435    441
   201 :    426    344    553    281
   202 :    284    429    277    458
   203 :    135    139    473    457
   204 :    282    206    544    585
   205 :    212    575    232    454
   206 :     90    441    435     96
   207 :    505    267    541    471
   208 :    467    469    468    235
   209 :    477    263    265    562
   210 :    165    283    592    154
   211 :    358    561    564    425
   212 :    551    423    424    478
   213 :    423    421    486    424
   214 :    166    358    425    176
   215 :     24     19    252    152
   216 :    387    280    414    287
   217 :    250    452    226    231
   218 :    558    431    387    494
   219 :    208    450    451    449
   220 :    449    451     82      4
   221 :    451    336     93     82
   222 :    450    172    336    451
   223 :     59    471    219     39
   224 :    414    400    401    415
   225 :    252    297    192    417
   226 :    541    448    212    532
   227 :    507    483    223    233
   228 :    211    587    504    201
   229 :    549    288    563    495
   230 :    402    233    259    515
   231 :     37    236    388     60
   232 :     38    505    471     59
   233 :    417    192    483    507
   234 :    124      7    116    586
   235 :    274    216    571    427
   236 :    331    600    312    309
   237 :    485    195    327    239
   238 :    568     92     93    336
   239 :    236    386    298    388
   240 :    593     94     92    568
   241 :    383    318    596    321
   242 :    420    389    430    164
   243 :    412    522    179    224
   244 :    493    180    270    344
   245 :    191    432    469    466
   246 :    279    599    437    578
   247 :    548    523    279    262
   248 :    432    157    468    469
   249 :    542    177    211    590
   250 :     58    337    153     40
   251 :     40    153    542     57
   252 :    448    287    575    212
   253 :    572    331    309    434
   254 :    456    463    198    371
   255 :    148    125    285    196
   256 :    149    124    586    199
   257 :    155    442    567    550
   258 :    263    487    443    265
   259 :    517    582    283    165
   260 :    328    427    377    330
   261 :    199    586    311    217
   262 :    195    372    328    327
   263 :    544    598    200    524
   264 :    192    334    484    483
   265 :    591    567    436    599
   266 :    334    191    466    484
   267 :    344    270    412    553
   268 :    168    308    506    376
   269 :    143    130    205    464
   270 :    501    221    382    380
   271 :    425    564    320    264
   272 :    264     86     99    313
   273 :    229    446    583    359
   274 :    304    370    364    314
   275 :    369    300    159    488
   276 :    492    538    361    161
   277 :    399    339    302    254
   278 :    243    362    538    492
   279 :     54     43    397    185
   280 :    538    186    510    361
   281 :    598    475    292    200
   282 :    133    141    526    163
   283 :    418    249    463    456
   284 :    209    282    585    245
   285 :     20     24    152    218
   286 :    548    503    467    523
   287 :    386    557    558    298
   288 :    197    257    390    522
   289 :    281    553    554    210
   290 :    522    390    419    179
   291 :      9    238    349     34
   292 :    204    407    500    498
   293 :    498    500    499    160
   294 :    361    510    345    301
   295 :    300    303    356    159
   296 :    239    327    332    317
   297 :    142    131    207    528
   298 :    578    437     97     89
   299 :    523    591    599    279
   300 :     36    620    348     61
   301 :    231    226    531    228
   302 :    575    415    416    232
   303 :    620    619    260    348
   304 :    174    495    452    250
   305 :    246    474    513    234
   306 :    167    476    154    357
   307 :    574    296    266    576
   308 :    416    447    174    496
   309 :     19     25    297    252
   310 :    460    218    508    453
   311 :    488    159    491    363
   312 :    255    346    340    347
   313 :    512    511    160    499
   314 :    396    158    511    512
   315 :    308    150    248    506
   316 :    207    464    462    374
   317 :    152    252    417    516
   318 :    453    508    472    173
   319 :    494    387    287    448
   320 :    357    154    592    156
   321 :    594    444     31     12
   322 :    229    477    358    166
   323 :    442    178    436    567
   324 :    160    520    521    498
   325 :    498    521    519    204
   326 :    521    261    228    519
   327 :    520    202    261    521
   328 :    163    526    295    206
   329 :      1    123    238      9
   330 :    206    295    598    544
   331 :    190    484    466    503
   332 :    190    223    483    484
   333 :    563    568    336    172
   334 :    131    143    464    207
   335 :    257    501    380    390
   336 :    410    411    257    197
   337 :    382    343    342    171
   338 :    158    393    527    511
   339 :    511    527    520    160
   340 :    527    504    202    520
   341 :    393    201    504    527
   342 :    318    439    352    596
   343 :    569    589    329    221
   344 :    514    247    272    440
   345 :    139    134    306    473
   346 :    233    223    602    259
   347 :    273    507    233    402
   348 :     23     20    218    460
   349 :    348    260    386    236
   350 :    140    133    163    404
   351 :     10    168    376     33
   352 :    254    302    360    588
   353 :    340    492    161    326
   354 :    490    242    316    189
   355 :     68    355    244     64
   356 :    326    161    341    354
   357 :    185    397    396    536
   358 :    159    356    325    491
   359 :    339    187    369    302
   360 :    187    584    300    369
   361 :    253    535    215    547
   362 :    539    326    354    182
   363 :    370    368    537    364
   364 :    516    417    507    273
   365 :     61    348    236     37
   366 :    431    175    280    387
   367 :    289    547    243    346
   368 :    588    360    214    213
   369 :    398    185    536    535
   370 :    256    255    347    303
   371 :    600    373    310    312
   372 :    589    151    555    329
   373 :    151    196    350    555
   374 :     66    181    299     62
   375 :    215    603    188    362
   376 :    608    607    366    290
   377 :    316    289    346    255
   378 :    503    466    469    467
   379 :    400    227    509    401
   380 :    262    279    578    435
   381 :    288    593    568    563
   382 :    599    436    438    437
   383 :    518    193    442    155
   384 :    423    551    468    157
   385 :    477    562    561    358
   386 :    234    513    403    170
   387 :    560    552    595    465
   388 :    391    577    381    604
   389 :    270    197    522    412
   390 :    306    404    282    209
   391 :    424    486    566    479
   392 :    136    138    294    375
   393 :    454    232    296    574
   394 :    298    558    494    267
   395 :    515    259    227    400
   396 :    227    240    338    509
   397 :    403    428    320    564
   398 :    329    555    481    343
   399 :    577    482    545    381
   400 :    295    413    475    598
   401 :    375    294    162    258
   402 :    444    156     13     31
   403 :    445    241    444    594
   404 :    457    473    322    409
   405 :    573    190    503    548
   406 :    459    453    173    557
   407 :    443    487    241    445
   408 :    138    135    457    294
   409 :    533    164    572    439
   410 :    502    546    420    307
   411 :    601    375    258    384
   412 :    474    271    230    513
   413 :    150    560    465    248
   414 :    583    165    154    476
   415 :    518    155    478    203
   416 :    283     14     30    592
   417 :    421     16     28    486
   418 :    525    533    439    318
   419 :     12     32    169    594
   420 :    235    468    551    550
   421 :    229    518    203    446
   422 :    338    286    593    288
   423 :    602    223    190    573
   424 :    173    472    175    431
   425 :    508    516    273    472
   426 :    240    540    441    461
   427 :    247    237    269    272
   428 :    200    292    525    530
   429 :    277    378    237    247
   430 :    210    554    480    405
   431 :    389    210    405    430
   432 :    249    458    514    463
   433 :    248    465    482    577
   434 :    351    485    239    379
   435 :    384    258    150    308
   436 :    175    402    515    280
   437 :    286     91     94    593
   438 :    218    152    516    508
   439 :    272    269    618    617
   440 :    462    426    281    305
   441 :     41    590    394     56
   442 :    415    401    447    416
   443 :    305    281    210    389
   444 :    147    126    151    589
   445 :    217    311    556    429
   446 :    591    235    550    567
   447 :    208    449    579    531
   448 :    531    579    519    228
   449 :    579    406    204    519
   450 :    449      4    406    579
   451 :    587    580    202    504
   452 :    219    532    251    337
   453 :    153    470    177    542
   454 :    619    455    459    260
   455 :    260    459    557    386
   456 :    576    266    580    587
   457 :     39    219    337     58
   458 :    580    268    261    202
   459 :    496    174    250    385
   460 :     21     23    460    455
   461 :    385    250    231    268
   462 :    545    291    562    265
   463 :    497    234    170    291
   464 :    225    569    221    501
   465 :    229    166    193    518
   466 :    446    517    165    583
   467 :    359    583    476    167
   468 :    487    167    357    241
   469 :    479    566    582    517
   470 :    445    604    381    443
   471 :    182    354     73     79
   472 :    299    184     76     69
   473 :    368    290    367    537
   474 :    553    412    224    554
   475 :    196    285    278    350
   476 :    350    278    284    293
   477 :    427    571    613    377
   478 :    224    179    485    351
   479 :    337    251    470    153
   480 :     22     21    455    619
   481 :    251    454    574    470
   482 :    355    304    314    244
   483 :    341    301     74     80
   484 :    345    408     75     81
   485 :    141    132    529    526
   486 :    585    544    524    271
   487 :    405    480    373    600
   488 :    259    602    240    227
   489 :    268    231    228    261
   490 :    590    211    201    394
   491 :    240    461    286    338
   492 :    155    550    551    478
   493 :    582     29     14    283
   494 :    287    414    415    575
   495 :    566     15     29    582
   496 :    429    556    378    277
   497 :    241    357    156    444
   498 :     57    542    590     41
   499 :    546    305    389    420
   500 :    586    116    120    311
   501 :    556    117    121    378
   502 :    307    420    164    533
   503 :    232    416    496    296
   504 :    267    494    448    541
   505 :    471    541    532    219
   506 :    352    434     83    102
   507 :    482    497    291    545
   508 :     98     88    438    276
   509 :    203    479    517    446
   510 :    276    178    275    597
   511 :    180    410    197    270
   512 :    126    148    196    151
   513 :    565    171    274    372
   514 :    573    548    262    540
   515 :    523    467    235    591
   516 :    374    462    305    546
   517 :    552    222    246    595
   518 :    193    275    178    442
   519 :    486     28     15    566
   520 :    428    581    323    320
   521 :    137    136    375    601
   522 :    509    338    288    549
   523 :    290    366    543    367
   524 :    612    611    304    355
   525 :    366    490    189    543
   526 :    430    405    600    331
   527 :    378    121    118    237
   528 :    480    351    379    373
   529 :     46     52    605    606
   530 :     51     46    606    607
   531 :     47     51    607    608
   532 :     50     47    608    609
   533 :     48     50    609    610
   534 :     49     48    610    611
   535 :     35     49    611    612
   536 :      2     35    612     65
   537 :    107    113    613    614
   538 :    114    107    614    615
   539 :    108    114    615    616
   540 :    115    108    616    617
   541 :    109    115    617    618
   542 :      6    109    618    119
   543 :      8     22    619    620
   544 :      0      8    620     36
Number of domains 8
  Domain :      0 
  Name : Symmetry
  Number of elements :     28
     0     1     2     3     4     5     6     7     8     9
    10    11    12    13    14    15    16    17    18    19
    20    21    22    23    24    25    26    27
  Domain :      1 
  Name : Top
  Number of elements :     28
    28    29    30    31    32    33    34    35    36    37
    38    39    40    41    42    43    44    45    46    47
    48    49    50    51    52    53    54    55
  Domain :      2 
  Name : Entity 2 
  Number of elements :      8
    56    57    58    59    60    61    62    63
  Domain :      3 
  Name : Entity 3 
  Number of elements :     14
    64    65    66    67    68    69    70    71    72    73
    74    75    76    77
  Domain :      4 
  Name : Entity 4 
  Number of elements :     22
    78    79    80    81    82    83    84    85    86    87
    88    89    90    91    92    93    94    95    96    97
    98    99
  Domain :      5 
  Name : Entity 5 
  Number of elements :     14
   100   101   102   103   104   105   106   107   108   109
   110   111   112   113
  Domain :      6 
  Name : Entity 6 
  Number of elements :      8
   114   115   116   117   118   119   120   121
  Domain :      7 
  Name : Bottom
  Number of elements :     28
   122   123   124   125   126   127   128   129   130   131
   132   133   134   135   136   137   138   139   140   141
   142   143   144   145   146   147   148   149
