Number of nodes 597 
     0 : -1.5000000e-01  2.5000000e-01 
     1 :  1.5000000e-01  2.5000000e-01 
     2 :  2.5000000e-01  3.5000000e-01 
     3 :  2.5000000e-01  6.5000000e-01 
     4 :  1.5000000e-01  7.5000000e-01 
     5 : -1.5000000e-01  7.5000000e-01 
     6 : -2.5000000e-01  6.5000000e-01 
     7 : -2.5000000e-01  3.5000000e-01 
     8 : -4.0000000e-01 -1.0000000e+00 
     9 :  4.0000000e-01 -1.0000000e+00 
    10 : -5.0000000e-01 -9.0000000e-01 
    11 :  5.0000000e-01 -9.0000000e-01 
    12 : -5.0000000e-01  9.0000000e-01 
    13 :  5.0000000e-01  9.0000000e-01 
    14 : -4.0000000e-01  1.0000000e+00 
    15 :  4.0000000e-01  1.0000000e+00 
    16 : -1.5000000e-01 -7.5000000e-01 
    17 :  1.5000000e-01 -7.5000000e-01 
    18 : -2.5000000e-01 -6.5000000e-01 
    19 :  2.5000000e-01 -6.5000000e-01 
    20 : -2.5000000e-01 -3.5000000e-01 
    21 :  2.5000000e-01 -3.5000000e-01 
    22 : -1.5000000e-01 -2.5000000e-01 
    23 :  1.5000000e-01 -2.5000000e-01 
    24 : -1.0000000e-01  2.5000000e-01 
    25 : -5.0000000e-02  2.5000000e-01 
    26 :  1.6653345e-16  2.5000000e-01 
    27 :  5.0000000e-02  2.5000000e-01 
    28 :  1.0000000e-01  2.5000000e-01 
    29 :  1.8826834e-01  2.5761205e-01 
    30 :  2.2071068e-01  2.7928932e-01 
    31 :  2.4238795e-01  3.1173166e-01 
    32 :  2.5000000e-01  4.0000000e-01 
    33 :  2.5000000e-01  4.5000000e-01 
    34 :  2.5000000e-01  5.0000000e-01 
    35 :  2.5000000e-01  5.5000000e-01 
    36 :  2.5000000e-01  6.0000000e-01 
    37 :  2.4238795e-01  6.8826834e-01 
    38 :  2.2071068e-01  7.2071068e-01 
    39 :  1.8826834e-01  7.4238795e-01 
    40 :  1.0000000e-01  7.5000000e-01 
    41 :  5.0000000e-02  7.5000000e-01 
    42 : -1.6653345e-16  7.5000000e-01 
    43 : -5.0000000e-02  7.5000000e-01 
    44 : -1.0000000e-01  7.5000000e-01 
    45 : -1.8826834e-01  7.4238795e-01 
    46 : -2.2071068e-01  7.2071068e-01 
    47 : -2.4238795e-01  6.8826834e-01 
    48 : -2.5000000e-01  6.0000000e-01 
    49 : -2.5000000e-01  5.5000000e-01 
    50 : -2.5000000e-01  5.0000000e-01 
    51 : -2.5000000e-01  4.5000000e-01 
    52 : -2.5000000e-01  4.0000000e-01 
    53 : -2.4238795e-01  3.1173166e-01 
    54 : -2.2071068e-01  2.7928932e-01 
    55 : -1.8826834e-01  2.5761205e-01 
    56 : -3.3062408e-01 -1.0000000e+00 
    57 : -2.6396074e-01 -1.0000000e+00 
    58 : -1.9796784e-01 -1.0000000e+00 
    59 : -1.3197856e-01 -1.0000000e+00 
    60 : -6.5989280e-02 -1.0000000e+00 
    61 : -3.8857806e-16 -1.0000000e+00 
    62 :  6.5989280e-02 -1.0000000e+00 
    63 :  1.3197856e-01 -1.0000000e+00 
    64 :  1.9796784e-01 -1.0000000e+00 
    65 :  2.6396074e-01 -1.0000000e+00 
    66 :  3.3062408e-01 -1.0000000e+00 
    67 : -4.7071068e-01 -9.7071068e-01 
    68 :  4.7071068e-01 -9.7071068e-01 
    69 : -5.0000000e-01  8.2312162e-01 
    70 : -5.0000000e-01  7.4929101e-01 
    71 : -5.0000000e-01  6.7596868e-01 
    72 : -5.0000000e-01  6.0264635e-01 
    73 : -5.0000000e-01  5.2932401e-01 
    74 : -5.0000000e-01  4.5600168e-01 
    75 : -5.0000000e-01  3.8267935e-01 
    76 : -5.0000000e-01  3.0935701e-01 
    77 : -5.0000000e-01  2.3603105e-01 
    78 : -5.0000000e-01  1.6183125e-01 
    79 : -5.0000000e-01  8.3997854e-02 
    80 : -5.0000000e-01  2.5535130e-15 
    81 : -5.0000000e-01 -8.3997854e-02 
    82 : -5.0000000e-01 -1.6183125e-01 
    83 : -5.0000000e-01 -2.3603105e-01 
    84 : -5.0000000e-01 -3.0935701e-01 
    85 : -5.0000000e-01 -3.8267935e-01 
    86 : -5.0000000e-01 -4.5600168e-01 
    87 : -5.0000000e-01 -5.2932401e-01 
    88 : -5.0000000e-01 -6.0264635e-01 
    89 : -5.0000000e-01 -6.7596868e-01 
    90 : -5.0000000e-01 -7.4929101e-01 
    91 : -5.0000000e-01 -8.2312162e-01 
    92 :  5.0000000e-01 -8.2312162e-01 
    93 :  5.0000000e-01 -7.4929101e-01 
    94 :  5.0000000e-01 -6.7596868e-01 
    95 :  5.0000000e-01 -6.0264635e-01 
    96 :  5.0000000e-01 -5.2932401e-01 
    97 :  5.0000000e-01 -4.5600168e-01 
    98 :  5.0000000e-01 -3.8267935e-01 
    99 :  5.0000000e-01 -3.0935701e-01 
   100 :  5.0000000e-01 -2.3603105e-01 
   101 :  5.0000000e-01 -1.6183125e-01 
   102 :  5.0000000e-01 -8.3997854e-02 
   103 :  5.0000000e-01 -2.5535130e-15 
   104 :  5.0000000e-01  8.3997854e-02 
   105 :  5.0000000e-01  1.6183125e-01 
   106 :  5.0000000e-01  2.3603105e-01 
   107 :  5.0000000e-01  3.0935701e-01 
   108 :  5.0000000e-01  3.8267935e-01 
   109 :  5.0000000e-01  4.5600168e-01 
   110 :  5.0000000e-01  5.2932401e-01 
   111 :  5.0000000e-01  6.0264635e-01 
   112 :  5.0000000e-01  6.7596868e-01 
   113 :  5.0000000e-01  7.4929101e-01 
   114 :  5.0000000e-01  8.2312162e-01 
   115 : -4.7071068e-01  9.7071068e-01 
   116 :  4.7071068e-01  9.7071068e-01 
   117 :  3.3062408e-01  1.0000000e+00 
   118 :  2.6396074e-01  1.0000000e+00 
   119 :  1.9796784e-01  1.0000000e+00 
   120 :  1.3197856e-01  1.0000000e+00 
   121 :  6.5989280e-02  1.0000000e+00 
   122 :  3.8857806e-16  1.0000000e+00 
   123 : -6.5989280e-02  1.0000000e+00 
   124 : -1.3197856e-01  1.0000000e+00 
   125 : -1.9796784e-01  1.0000000e+00 
   126 : -2.6396074e-01  1.0000000e+00 
   127 : -3.3062408e-01  1.0000000e+00 
   128 : -1.0000000e-01 -7.5000000e-01 
   129 : -5.0000000e-02 -7.5000000e-01 
   130 :  1.6653345e-16 -7.5000000e-01 
   131 :  5.0000000e-02 -7.5000000e-01 
   132 :  1.0000000e-01 -7.5000000e-01 
   133 : -2.4238795e-01 -6.8826834e-01 
   134 : -2.2071068e-01 -7.2071068e-01 
   135 : -1.8826834e-01 -7.4238795e-01 
   136 :  1.8826834e-01 -7.4238795e-01 
   137 :  2.2071068e-01 -7.2071068e-01 
   138 :  2.4238795e-01 -6.8826834e-01 
   139 : -2.5000000e-01 -4.0000000e-01 
   140 : -2.5000000e-01 -4.5000000e-01 
   141 : -2.5000000e-01 -5.0000000e-01 
   142 : -2.5000000e-01 -5.5000000e-01 
   143 : -2.5000000e-01 -6.0000000e-01 
   144 :  2.5000000e-01 -6.0000000e-01 
   145 :  2.5000000e-01 -5.5000000e-01 
   146 :  2.5000000e-01 -5.0000000e-01 
   147 :  2.5000000e-01 -4.5000000e-01 
   148 :  2.5000000e-01 -4.0000000e-01 
   149 : -1.8826834e-01 -2.5761205e-01 
   150 : -2.2071068e-01 -2.7928932e-01 
   151 : -2.4238795e-01 -3.1173166e-01 
   152 :  2.4238795e-01 -3.1173166e-01 
   153 :  2.2071068e-01 -2.7928932e-01 
   154 :  1.8826834e-01 -2.5761205e-01 
   155 :  1.0000000e-01 -2.5000000e-01 
   156 :  5.0000000e-02 -2.5000000e-01 
   157 : -1.6653345e-16 -2.5000000e-01 
   158 : -5.0000000e-02 -2.5000000e-01 
   159 : -1.0000000e-01 -2.5000000e-01 
   160 :  1.5847525e-01 -2.0499472e-01 
   161 : -1.8054933e-01 -2.1879273e-01 
   162 : -1.8284170e-01  2.0601189e-01 
   163 :  1.6244220e-01  2.1209888e-01 
   164 :  1.0138137e-04 -2.0362246e-01 
   165 :  1.6634483e-03  2.0441295e-01 
   166 :  2.7198679e-01  7.0234942e-01 
   167 :  2.7320694e-01 -7.0357703e-01 
   168 :  4.0948141e-01 -1.7262041e-01 
   169 :  4.1368036e-01  7.8689016e-02 
   170 :  2.5544485e-01  2.6430799e-01 
   171 :  1.5400920e-01  7.9211333e-01 
   172 :  1.5426741e-01 -7.9084439e-01 
   173 : -1.8337684e-01  7.8137999e-01 
   174 : -1.8019257e-01 -7.8051720e-01 
   175 : -2.5550114e-01  7.3926088e-01 
   176 :  2.8546700e-01 -3.3258352e-01 
   177 : -4.2482259e-01  1.5263194e-01 
   178 : -4.1035245e-01 -8.0220880e-02 
   179 : -2.7091697e-01 -2.8093565e-01 
   180 : -2.9469169e-01  3.1382913e-01 
   181 :  2.6846011e-01  9.3743626e-01 
   182 :  3.3049816e-01 -9.1404857e-01 
   183 : -2.8805913e-01  6.5886324e-01 
   184 : -2.8820219e-01 -6.5430218e-01 
   185 : -2.9763942e-01 -3.5689298e-01 
   186 :  2.9316264e-01  3.8579407e-01 
   187 :  2.9597284e-01 -6.0918020e-01 
   188 :  2.8295835e-01  6.0136519e-01 
   189 : -4.7059058e-02  8.0032155e-01 
   190 :  2.5148514e-03 -8.0063579e-01 
   191 :  2.1085743e-01  7.8003368e-01 
   192 : -2.9911376e-01  4.0470512e-01 
   193 : -3.0013724e-01  4.9767025e-01 
   194 :  3.0700782e-01 -4.4987121e-01 
   195 : -3.0206087e-01 -5.5913834e-01 
   196 :  4.3478460e-01  2.3657027e-01 
   197 :  4.2099458e-01  4.4800474e-01 
   198 : -1.3046350e-01 -9.4396189e-01 
   199 : -1.9557039e-01  9.3306515e-01 
   200 : -2.5080399e-01 -9.3725232e-01 
   201 : -4.3389597e-01 -2.2374324e-01 
   202 : -4.2861679e-01 -7.5156533e-01 
   203 : -4.2278538e-01  8.3353181e-01 
   204 :  1.2525112e-01 -9.4255660e-01 
   205 :  7.6480469e-02  9.2050564e-01 
   206 :  4.1902995e-01 -7.3784161e-01 
   207 :  4.2970679e-01  6.8178197e-01 
   208 : -4.2354992e-01  3.0826925e-01 
   209 :  1.0395873e-01  7.9847884e-01 
   210 :  4.3508063e-01 -3.8557571e-01 
   211 : -7.5408914e-02  9.4045742e-01 
   212 : -4.3309105e-01  6.7386331e-01 
   213 : -4.2058317e-01 -6.0350862e-01 
   214 : -4.2954625e-01 -2.9171584e-01 
   215 : -4.1226496e-01 -3.6922969e-01 
   216 :  3.0414817e-01  4.9094663e-01 
   217 :  4.2502492e-01  8.8056678e-01 
   218 :  4.1836767e-01 -6.0173681e-01 
   219 :  4.2980751e-01  5.2990672e-01 
   220 :  4.3737735e-01  3.0618923e-01 
   221 : -4.1086255e-01  4.5391762e-01 
   222 :  4.2952407e-01 -5.2219109e-01 
   223 : -4.3223916e-01  6.0716276e-01 
   224 : -4.2661555e-01 -4.5145638e-01 
   225 : -3.4256833e-01  9.1863608e-01 
   226 :  4.2894179e-01 -8.7688715e-01 
   227 : -4.1536667e-01  9.1159891e-01 
   228 : -4.2139685e-01 -8.2263839e-01 
   229 : -3.1665968e-01 -9.3102569e-01 
   230 : -4.2728014e-01  7.9012596e-02 
   231 :  4.2503652e-01 -8.4973874e-02 
   232 :  4.3526468e-01 -3.1948609e-01 
   233 :  2.4958448e-01 -9.1745656e-01 
   234 :  2.4793669e-01 -7.5540863e-01 
   235 :  6.4367222e-02 -9.4098938e-01 
   236 :  2.8805250e-01  3.4137352e-01 
   237 : -5.8322781e-03 -9.2669553e-01 
   238 :  1.4327998e-01  9.3847849e-01 
   239 : -4.8127880e-02 -2.0439071e-01 
   240 :  9.7857791e-02 -2.0462401e-01 
   241 : -3.9523695e-01 -9.0240369e-01 
   242 :  5.3722344e-02  8.0211600e-01 
   243 :  5.4409736e-02 -7.9782114e-01 
   244 : -1.0416532e-01 -7.9694015e-01 
   245 :  3.0570625e-01 -5.0460379e-01 
   246 : -3.0464398e-01 -5.0581977e-01 
   247 : -1.4305209e-01  2.0585292e-01 
   248 : -1.4011527e-01 -2.1080937e-01 
   249 :  4.1996038e-01  7.4053469e-01 
   250 : -9.6501474e-02  2.0415580e-01 
   251 :  2.0947882e-01 -2.3028774e-01 
   252 : -1.4183378e-01  7.9094848e-01 
   253 : -3.0253302e-01  5.5050746e-01 
   254 : -3.0375161e-01 -4.5172332e-01 
   255 :  2.6863683e-01 -2.8979577e-01 
   256 : -2.1816677e-01  2.3024879e-01 
   257 : -2.1634023e-01 -2.2082611e-01 
   258 :  4.9837901e-02  2.0509601e-01 
   259 : -2.1351063e-01 -7.6738414e-01 
   260 : -2.1899485e-01  7.7095305e-01 
   261 : -2.8886150e-01  2.7370341e-01 
   262 :  3.8475710e-01  9.4050246e-01 
   263 :  3.8737078e-01 -9.3407413e-01 
   264 : -2.7215667e-01  7.0265497e-01 
   265 : -2.8080231e-01 -6.8449612e-01 
   266 : -1.4760819e-01  1.5339165e-01 
   267 : -1.7647377e-01 -1.7395611e-01 
   268 : -4.6803004e-02 -1.5888352e-01 
   269 :  2.0828051e-01 -1.8194942e-01 
   270 :  3.4508892e-01 -1.3907148e-01 
   271 : -3.5584305e-01  1.4328037e-01 
   272 : -2.2369200e-01  8.1103274e-01 
   273 :  2.0813811e-01  8.3336797e-01 
   274 : -3.0544881e-01  7.2472627e-01 
   275 :  2.6823684e-01 -8.5658644e-01 
   276 : -3.4323851e-01  2.6391966e-01 
   277 : -2.0664194e-01 -8.0621232e-01 
   278 :  2.9839385e-01 -7.6635294e-01 
   279 : -3.0568052e-01 -7.0746241e-01 
   280 : -3.0554947e-01 -2.8134886e-01 
   281 :  3.2414016e-01 -3.0465066e-01 
   282 :  1.5711351e-01  8.3868036e-01 
   283 :  3.3671317e-01  3.7237385e-01 
   284 :  3.7227458e-01  6.9881985e-01 
   285 :  2.0421606e-01  2.1421833e-01 
   286 :  6.0457003e-02 -8.4432199e-01 
   287 :  3.4240629e-01  8.5864878e-01 
   288 :  1.0880384e-01  8.4660679e-01 
   289 :  9.6035244e-02  2.0720677e-01 
   290 : -3.5147234e-01 -3.2921271e-01 
   291 : -4.7247657e-02  2.0429651e-01 
   292 : -3.8852491e-01  6.7152639e-01 
   293 :  2.8746578e-01 -6.5757557e-01 
   294 :  2.9409638e-01  6.4588565e-01 
   295 :  1.0511235e-01 -7.9523922e-01 
   296 : -3.6055651e-01  5.4627242e-01 
   297 :  3.6851968e-01 -4.5096305e-01 
   298 : -3.5608015e-01 -5.7276324e-01 
   299 : -3.6306319e-01 -5.1412856e-01 
   300 : -4.2334164e-01  3.6235475e-03 
   301 :  4.2589080e-01 -8.1900365e-03 
   302 :  3.5542521e-01 -5.7111589e-01 
   303 : -4.0796656e-01  2.3241300e-01 
   304 :  3.0917254e-01 -3.8452565e-01 
   305 : -2.6730506e-01  9.1185571e-01 
   306 :  4.2955944e-01 -2.5257290e-01 
   307 : -3.0405096e-01 -8.7402483e-01 
   308 : -4.3189971e-01 -6.8064540e-01 
   309 : -4.2425207e-01  3.7550314e-01 
   310 : -4.2842621e-01 -5.2320015e-01 
   311 :  4.3663563e-01  3.7378023e-01 
   312 :  4.1820766e-01  6.0924531e-01 
   313 : -4.2672576e-01  5.3665028e-01 
   314 :  4.3082024e-01 -6.7532160e-01 
   315 :  4.3340291e-01 -4.5328123e-01 
   316 : -4.1659478e-01  7.5069494e-01 
   317 : -4.3060217e-01 -1.5673825e-01 
   318 : -1.8881936e-01 -9.4098564e-01 
   319 :  4.3050390e-01  1.6391540e-01 
   320 :  2.4651781e-01  7.4134610e-01 
   321 :  2.9852513e-01  4.3670930e-01 
   322 :  3.0180235e-01 -5.5837976e-01 
   323 :  3.0917559e-01  5.5691973e-01 
   324 :  2.4353343e-01 -2.5598406e-01 
   325 : -7.3557467e-02 -9.4114105e-01 
   326 :  1.8485247e-01 -9.3824589e-01 
   327 : -1.3486474e-01  9.4029211e-01 
   328 :  1.9999716e-01 -7.7906649e-01 
   329 :  2.0445372e-01  9.4018270e-01 
   330 :  3.5854123e-01  4.7687488e-01 
   331 : -3.4994684e-01 -3.9536375e-01 
   332 :  4.8556440e-02 -2.0396265e-01 
   333 : -1.0124330e-02  9.2146018e-01 
   334 : -2.1778671e-01  2.0125077e-01 
   335 :  4.2742499e-01  8.1834680e-01 
   336 :  2.7511501e-01  2.9478386e-01 
   337 : -9.5392852e-02 -2.0662049e-01 
   338 :  3.3416118e-01  9.3596544e-01 
   339 :  2.9910297e-03  8.0255392e-01 
   340 : -5.1040803e-02 -8.0137902e-01 
   341 : -2.9772139e-01  4.5070482e-01 
   342 :  4.3085893e-01 -8.1436224e-01 
   343 : -3.5105521e-01 -7.4873330e-01 
   344 : -2.9919461e-01  6.0705200e-01 
   345 : -2.9999110e-01 -4.0124202e-01 
   346 : -2.9620984e-01 -6.0962632e-01 
   347 : -9.5653816e-02  7.9640429e-01 
   348 : -1.5039866e-01 -7.8848069e-01 
   349 :  3.7372720e-01 -3.8896517e-01 
   350 : -3.2839032e-01  6.8013035e-01 
   351 : -2.9996627e-01  3.5833365e-01 
   352 : -3.0147371e-01 -3.1795103e-01 
   353 : -1.8375036e-01  8.2587231e-01 
   354 : -3.2783999e-01 -6.6807026e-01 
   355 :  3.7809585e-01  3.0717841e-01 
   356 : -3.5186692e-01  8.4093792e-01 
   357 : -2.6079507e-01 -2.5321943e-01 
   358 : -2.4652095e-01  2.3464220e-01 
   359 : -3.5459283e-01 -8.2054194e-01 
   360 : -2.1395154e-01 -1.7873492e-01 
   361 : -2.3737701e-01 -7.5479569e-01 
   362 : -2.4339224e-01  7.6592576e-01 
   363 : -1.8225613e-01  1.7376375e-01 
   364 :  3.0416922e-01 -8.6514621e-01 
   365 :  3.6788764e-01 -8.5275510e-01 
   366 :  1.1818252e-01 -8.8988127e-01 
   367 :  5.8299590e-02  8.5547347e-01 
   368 :  1.7165309e-01  1.8868091e-01 
   369 : -1.8641523e-01  1.2274431e-01 
   370 : -2.1695119e-01 -1.3671369e-01 
   371 :  3.3050872e-01  8.9489951e-02 
   372 : -3.7243758e-01 -1.5530972e-01 
   373 :  3.6131923e-01 -8.2655714e-02 
   374 :  4.6711585e-02 -1.5811029e-01 
   375 : -2.5348461e-01  1.9651498e-01 
   376 :  3.1535316e-01 -7.1734509e-01 
   377 :  3.7908720e-01  7.3595923e-01 
   378 :  3.6536715e-01  1.7024399e-01 
   379 : -2.9797255e-01 -2.4157554e-01 
   380 : -9.2420210e-02 -1.6244704e-01 
   381 :  2.9658091e-01  2.4553681e-01 
   382 : -2.8231169e-01  7.6222282e-01 
   383 :  3.2960803e-01 -6.6877199e-01 
   384 :  2.1093290e-01 -8.7795622e-01 
   385 : -3.5726738e-01  3.6624906e-01 
   386 :  3.4730593e-01 -2.2557557e-01 
   387 :  3.3909283e-01  6.0753191e-01 
   388 : -1.1260873e-01 -8.4510530e-01 
   389 : -2.9212134e-01 -7.7788762e-01 
   390 : -4.6160730e-02  8.4912407e-01 
   391 : -2.3679901e-01  8.5499763e-01 
   392 :  1.0655428e-02 -8.5047496e-01 
   393 :  3.4593639e-01  4.2305608e-01 
   394 :  1.7002022e-01 -1.5415184e-01 
   395 : -3.4407922e-01  2.0054670e-01 
   396 : -3.5327369e-01  1.0094072e-02 
   397 : -3.4858291e-01  4.1805480e-01 
   398 : -3.5301653e-01  4.8885682e-01 
   399 :  3.4198268e-01 -6.2187160e-01 
   400 :  3.9037966e-03  8.5610034e-01 
   401 : -7.3701034e-05 -1.5787101e-01 
   402 :  3.6903353e-01  5.3705756e-01 
   403 :  1.6229854e-01 -8.3677917e-01 
   404 :  2.0804081e-01  8.8435878e-01 
   405 : -3.5809981e-01  7.6777994e-02 
   406 :  3.7134519e-01  2.4153318e-01 
   407 : -3.6209887e-01  6.2317497e-01 
   408 :  3.2350488e-01 -8.2980545e-01 
   409 :  3.9046963e-01  7.9519549e-01 
   410 : -3.6722883e-01  7.0959692e-01 
   411 : -3.6229198e-01  7.8200950e-01 
   412 : -1.3705264e-01  8.8544680e-01 
   413 : -9.2237423e-02  1.5730748e-01 
   414 :  3.1689648e-01  7.2291241e-01 
   415 : -3.6104934e-01 -4.5187384e-01 
   416 : -1.3590529e-01 -1.6788512e-01 
   417 : -3.6556290e-01 -2.6959368e-01 
   418 :  3.7505685e-01 -6.7509582e-01 
   419 : -3.7466036e-01 -6.8111587e-01 
   420 :  1.5364603e-01  8.8596579e-01 
   421 :  3.7724977e-01 -3.3112757e-01 
   422 :  2.3825397e-01 -1.9523553e-01 
   423 :  5.0502727e-02  1.6058905e-01 
   424 : -1.7665677e-01 -8.8363121e-01 
   425 :  2.5081925e-01  7.9163879e-01 
   426 :  2.5110769e-01 -8.0005081e-01 
   427 :  3.6481373e-01 -5.1307836e-01 
   428 : -1.3872196e-01  8.3613099e-01 
   429 :  3.9475954e-01 -7.9654096e-01 
   430 :  2.3505196e-01  2.4308314e-01 
   431 :  3.3846980e-01 -3.3802732e-01 
   432 :  1.7161134e-01 -8.8496355e-01 
   433 :  3.2666771e-01  3.1817362e-01 
   434 : -2.7178087e-01 -7.3425096e-01 
   435 : -2.3981590e-01 -8.6666549e-01 
   436 :  3.8293966e-01  3.6801066e-01 
   437 : -2.5026716e-01 -2.1353874e-01 
   438 :  3.5982575e-01  6.5094015e-01 
   439 : -3.4899022e-01 -8.6448948e-01 
   440 : -2.9021814e-01  2.3511430e-01 
   441 : -3.4233531e-01 -6.2290144e-01 
   442 : -2.5616599e-01  7.9089960e-01 
   443 :  6.4358098e-02 -8.9031019e-01 
   444 : -8.3412071e-02 -9.0082034e-01 
   445 :  1.1133119e-01 -8.4141587e-01 
   446 :  2.6754962e-01  8.7707201e-01 
   447 : -2.1593947e-01  1.5703815e-01 
   448 : -3.3487488e-01 -3.6075649e-01 
   449 : -2.9348374e-01  8.5997621e-01 
   450 : -2.5152536e-01 -7.9473011e-01 
   451 :  3.6665779e-03  1.5947018e-01 
   452 :  3.0359659e-01 -2.6129556e-01 
   453 :  2.8275286e-01 -8.1165757e-01 
   454 :  2.5883582e-01  8.2524052e-01 
   455 : -9.1533083e-02 -1.1743331e-01 
   456 :  4.5688050e-02 -1.1241307e-01 
   457 :  5.7114429e-03  1.1481169e-01 
   458 : -2.0968089e-01  1.0432989e-01 
   459 :  2.1769942e-01 -1.3217275e-01 
   460 :  2.2216054e-01  1.7745420e-01 
   461 :  9.2375000e-02 -1.5955125e-01 
   462 : -2.9593309e-01  7.4333456e-02 
   463 :  3.4940285e-01  3.9826862e-02 
   464 : -3.6609079e-01 -1.1422343e-01 
   465 :  9.5351382e-02  1.6441925e-01 
   466 :  3.1153072e-01 -1.8499997e-01 
   467 : -2.8577004e-01 -2.0247462e-01 
   468 :  3.1013821e-01 -1.2144745e-01 
   469 :  2.5722643e-01  2.0686035e-01 
   470 : -4.3864079e-02  1.5883741e-01 
   471 : -4.6163820e-02 -1.1341021e-01 
   472 : -3.5489051e-01  3.1178255e-01 
   473 : -3.7561175e-01 -2.1102637e-01 
   474 :  3.6335417e-01 -7.2773567e-01 
   475 : -1.7627657e-01 -1.3019960e-01 
   476 : -2.9492602e-01  1.9374412e-01 
   477 : -3.3447867e-01  4.5204942e-01 
   478 : -1.2901094e-01  1.0359498e-01 
   479 : -9.2281305e-02  8.4228007e-01 
   480 : -3.0979810e-01  7.9395576e-01 
   481 : -2.5199181e-01  1.6609593e-01 
   482 : -1.2378830e-01 -8.9347535e-01 
   483 : -3.0069182e-01 -8.2410915e-01 
   484 : -2.7647162e-01  8.2715152e-01 
   485 :  3.0663522e-01  8.0247335e-01 
   486 : -3.2788269e-01 -2.3529505e-01 
   487 :  3.4512552e-01 -7.8023296e-01 
   488 :  3.7027715e-01 -2.7636423e-01 
   489 :  3.4953885e-01  7.6547558e-01 
   490 : -3.7731944e-01 -6.3743638e-01 
   491 :  3.7660455e-01 -6.3484992e-01 
   492 :  1.2718293e-01 -1.6200748e-01 
   493 :  2.7429745e-01 -2.2381148e-01 
   494 :  3.7271298e-01  5.8264654e-01 
   495 : -3.3907207e-01  7.5449812e-01 
   496 :  3.2446026e-01  6.7250511e-01 
   497 : -5.0917344e-02 -8.6432754e-01 
   498 :  3.8129335e-01  4.1081787e-01 
   499 : -4.9525260e-02  8.8479492e-01 
   500 :  1.1509906e-01  8.8240143e-01 
   501 :  2.7765390e-01  7.6631717e-01 
   502 :  2.3442416e-02 -8.8704847e-01 
   503 : -3.2768614e-01  2.3367859e-01 
   504 : -1.8921426e-01  8.7488518e-01 
   505 : -2.6451223e-01 -8.2623304e-01 
   506 :  2.1931400e-01 -8.3089025e-01 
   507 : -8.6382459e-02  8.8808274e-01 
   508 : -1.6181400e-01 -8.3206164e-01 
   509 : -9.3444302e-02 -7.1251124e-02 
   510 :  1.8505775e-01  1.5100416e-01 
   511 : -2.9077347e-01  1.6120700e-02 
   512 : -2.2081764e-01 -9.0159643e-02 
   513 :  2.9783413e-01  2.1795635e-02 
   514 :  3.1044223e-01 -8.2627422e-02 
   515 : -2.6606931e-01 -1.5407199e-01 
   516 :  9.8195565e-02  1.2000006e-01 
   517 :  2.4422087e-01  1.4096747e-01 
   518 :  3.1387027e-01  1.9449031e-01 
   519 : -1.8542600e-05 -1.1211057e-01 
   520 : -1.6755256e-01  8.8695966e-02 
   521 : -2.8643871e-01  1.3902957e-01 
   522 :  1.7498006e-01 -1.2184585e-01 
   523 :  8.9964465e-02 -1.1413549e-01 
   524 : -3.2222832e-01 -1.5320948e-01 
   525 : -8.5703107e-02  1.1170123e-01 
   526 : -1.3505079e-01 -1.2387747e-01 
   527 : -3.2721082e-01 -2.0177360e-01 
   528 :  2.7008648e-01 -1.4397207e-01 
   529 :  1.3699130e-01  2.1162745e-01 
   530 : -2.3787866e-01  1.1492224e-01 
   531 :  4.6536643e-02 -6.6621243e-02 
   532 : -2.0343365e-01  7.5730293e-02 
   533 : -4.6144070e-02 -6.6799706e-02 
   534 : -2.7178312e-01 -9.5209563e-02 
   535 : -1.3782253e-01 -8.0505181e-02 
   536 :  2.8571918e-01  6.6856534e-02 
   537 : -4.0287199e-02  1.1409963e-01 
   538 :  5.1775850e-02  1.1634911e-01 
   539 :  2.2380661e-01 -8.5496977e-02 
   540 :  3.0839443e-01  1.3184756e-01 
   541 :  1.3267298e-01 -1.1642879e-01 
   542 : -2.4401405e-01  7.2194098e-02 
   543 : -1.1786556e-01  6.4844217e-02 
   544 :  3.0653566e-01 -3.0072801e-02 
   545 : -3.2626776e-01 -1.0406270e-01 
   546 : -3.4043943e-01 -5.1342802e-02 
   547 :  2.8301825e-01  1.7037257e-01 
   548 :  1.4366776e-01  1.3090796e-01 
   549 :  2.6592468e-01 -8.6725393e-02 
   550 :  1.3632176e-01  1.7304302e-01 
   551 : -2.4192326e-01 -1.8350014e-01 
   552 : -1.7842582e-01 -8.7453382e-02 
   553 :  1.5863454e-01  7.6759159e-02 
   554 :  5.2351523e-02  7.1110542e-02 
   555 : -1.4948431e-01 -4.0594819e-02 
   556 :  2.4291602e-01  1.2873006e-02 
   557 : -3.8454718e-02  7.0513042e-02 
   558 : -8.0589228e-02  6.9955370e-02 
   559 :  8.6877905e-04 -6.6139026e-02 
   560 : -1.0062134e-01 -1.6500216e-02 
   561 : -2.3619316e-01  2.3496664e-02 
   562 :  1.8140549e-01 -7.7399284e-02 
   563 :  1.3695336e-01 -7.1155095e-02 
   564 :  9.1765599e-02 -6.8333021e-02 
   565 : -1.5288203e-01  5.2372183e-02 
   566 :  2.6743904e-01  1.0490033e-01 
   567 : -2.8081420e-01 -4.0731869e-02 
   568 :  2.2729707e-01 -5.0190298e-02 
   569 :  3.6112291e-01 -1.9312293e-02 
   570 : -1.7948266e-01 -5.5518677e-02 
   571 :  3.6753269e-01  1.1239711e-01 
   572 :  2.5935610e-01 -3.9989620e-02 
   573 :  1.4080811e-01 -2.4515555e-02 
   574 :  4.8792396e-02 -2.0720245e-02 
   575 :  2.8361689e-03 -2.0061639e-02 
   576 :  2.0582232e-01  1.1226080e-01 
   577 : -1.7078026e-01 -3.1693193e-03 
   578 :  1.0042448e-01  7.3219443e-02 
   579 : -8.3037325e-02  3.0947183e-02 
   580 : -2.1692435e-01 -3.3684165e-02 
   581 : -4.4698462e-02 -1.9388431e-02 
   582 :  1.9403113e-01 -2.4925744e-02 
   583 :  6.2265632e-03  7.0465622e-02 
   584 :  2.5400145e-01  5.3956347e-02 
   585 : -1.1139016e-01  3.7312140e-02 
   586 : -1.9079394e-01  3.6667737e-02 
   587 : -1.3426715e-01  1.9263885e-02 
   588 :  2.3220727e-01  7.7347578e-02 
   589 :  1.8024740e-01  1.6500942e-02 
   590 :  9.8425789e-02  2.4976778e-02 
   591 :  9.4800839e-02 -2.2230922e-02 
   592 :  5.1189846e-02  2.5275051e-02 
   593 : -4.0919938e-02  2.6639629e-02 
   594 :  2.0206601e-01  4.4208747e-02 
   595 :  1.4546990e-01  2.1537847e-02 
   596 :  4.8690486e-03  2.5526658e-02 
Number of edges 160 
     0 :      0     24 
     1 :     24     25 
     2 :     25     26 
     3 :     26     27 
     4 :     27     28 
     5 :     28      1 
     6 :      1     29 
     7 :     29     30 
     8 :     30     31 
     9 :     31      2 
    10 :      2     32 
    11 :     32     33 
    12 :     33     34 
    13 :     34     35 
    14 :     35     36 
    15 :     36      3 
    16 :      3     37 
    17 :     37     38 
    18 :     38     39 
    19 :     39      4 
    20 :      4     40 
    21 :     40     41 
    22 :     41     42 
    23 :     42     43 
    24 :     43     44 
    25 :     44      5 
    26 :      5     45 
    27 :     45     46 
    28 :     46     47 
    29 :     47      6 
    30 :      6     48 
    31 :     48     49 
    32 :     49     50 
    33 :     50     51 
    34 :     51     52 
    35 :     52      7 
    36 :      7     53 
    37 :     53     54 
    38 :     54     55 
    39 :     55      0 
    40 :      8     56 
    41 :     56     57 
    42 :     57     58 
    43 :     58     59 
    44 :     59     60 
    45 :     60     61 
    46 :     61     62 
    47 :     62     63 
    48 :     63     64 
    49 :     64     65 
    50 :     65     66 
    51 :     66      9 
    52 :     10     67 
    53 :     67      8 
    54 :      9     68 
    55 :     68     11 
    56 :     12     69 
    57 :     69     70 
    58 :     70     71 
    59 :     71     72 
    60 :     72     73 
    61 :     73     74 
    62 :     74     75 
    63 :     75     76 
    64 :     76     77 
    65 :     77     78 
    66 :     78     79 
    67 :     79     80 
    68 :     80     81 
    69 :     81     82 
    70 :     82     83 
    71 :     83     84 
    72 :     84     85 
    73 :     85     86 
    74 :     86     87 
    75 :     87     88 
    76 :     88     89 
    77 :     89     90 
    78 :     90     91 
    79 :     91     10 
    80 :     11     92 
    81 :     92     93 
    82 :     93     94 
    83 :     94     95 
    84 :     95     96 
    85 :     96     97 
    86 :     97     98 
    87 :     98     99 
    88 :     99    100 
    89 :    100    101 
    90 :    101    102 
    91 :    102    103 
    92 :    103    104 
    93 :    104    105 
    94 :    105    106 
    95 :    106    107 
    96 :    107    108 
    97 :    108    109 
    98 :    109    110 
    99 :    110    111 
   100 :    111    112 
   101 :    112    113 
   102 :    113    114 
   103 :    114     13 
   104 :     14    115 
   105 :    115     12 
   106 :     13    116 
   107 :    116     15 
   108 :     15    117 
   109 :    117    118 
   110 :    118    119 
   111 :    119    120 
   112 :    120    121 
   113 :    121    122 
   114 :    122    123 
   115 :    123    124 
   116 :    124    125 
   117 :    125    126 
   118 :    126    127 
   119 :    127     14 
   120 :     16    128 
   121 :    128    129 
   122 :    129    130 
   123 :    130    131 
   124 :    131    132 
   125 :    132     17 
   126 :     18    133 
   127 :    133    134 
   128 :    134    135 
   129 :    135     16 
   130 :     17    136 
   131 :    136    137 
   132 :    137    138 
   133 :    138     19 
   134 :     20    139 
   135 :    139    140 
   136 :    140    141 
   137 :    141    142 
   138 :    142    143 
   139 :    143     18 
   140 :     19    144 
   141 :    144    145 
   142 :    145    146 
   143 :    146    147 
   144 :    147    148 
   145 :    148     21 
   146 :     22    149 
   147 :    149    150 
   148 :    150    151 
   149 :    151     20 
   150 :     21    152 
   151 :    152    153 
   152 :    153    154 
   153 :    154     23 
   154 :     23    155 
   155 :    155    156 
   156 :    156    157 
   157 :    157    158 
   158 :    158    159 
   159 :    159     22 
Number of quads 518 
     0 :    343    359    483    389
     1 :    504    199    305    391
     2 :    577    586    561    580
     3 :    351    385    472    180
     4 :    587    560    579    585
     5 :    385    397    221    309
     6 :    333    400    367    205
     7 :    172    295    445    403
     8 :    407    223    313    296
     9 :    349    297    315    210
    10 :    299    310    213    298
    11 :    297    427    222    315
    12 :    296    313    221    398
    13 :    310    299    415    224
    14 :    397    477    398    221
    15 :    497    444    325    237
    16 :    552    570    580    512
    17 :    302    399    491    218
    18 :    358    375    334    256
    19 :    323    402    494    387
    20 :    576    588    566    517
    21 :    357    379    280    179
    22 :    565    586    577    587
    23 :    484    480    382    442
    24 :    361    450    277    259
    25 :    582    568    572    556
    26 :    574    591    590    592
    27 :    303    276    472    208
    28 :    387    438    496    294
    29 :    448    290    215    331
    30 :    225    227    203    356
    31 :    202    228    359    343
    32 :    323    216    330    402
    33 :    322    302    427    245
    34 :    407    292    212    223
    35 :    521    476    395    271
    36 :    415    331    215    224
    37 :    427    302    218    222
    38 :    282    171    191    273
    39 :    381    518    378    406
    40 :    401    164    332    374
    41 :    482    198    325    444
    42 :    426    453    278    234
    43 :    234    278    376    167
    44 :    594    553    595    589
    45 :    293    383    399    187
    46 :    446    404    273    454
    47 :    568    539    549    572
    48 :    460    469    430    285
    49 :    227     12     69    203
    50 :    172     17    132    295
    51 :    534    545    524    515
    52 :    452    255    176    281
    53 :    300    396    405    230
    54 :    506    426    234    328
    55 :    273    191    425    454
    56 :      1     28    289    529
    57 :    178    546    396    300
    58 :    343    279    354    419
    59 :    582    589    595    573
    60 :    305    449    484    391
    61 :    171    209     40      4
    62 :    213    308    419    490
    63 :    445    366    432    403
    64 :    457    451    470    537
    65 :    176     21    148    304
    66 :    416    380    455    526
    67 :      0    247    250     24
    68 :    487    429    206    474
    69 :    255    452    493    324
    70 :    165    291    470    451
    71 :    375    476    521    481
    72 :    343    419    308    202
    73 :    488    306    168    386
    74 :    294    496    414    166
    75 :    454    485    287    446
    76 :    333    499    390    400
    77 :    300    230     79     80
    78 :    466    386    168    270
    79 :    237    502    392    497
    80 :    301    231    102    103
    81 :    383    376    474    418
    82 :    439    359    228    241
    83 :    271    395    303    177
    84 :    316    411    356    203
    85 :    165     26     25    291
    86 :    367    400    339    242
    87 :    462    521    271    405
    88 :    316    212    292    410
    89 :    200    318    424    435
    90 :    561    542    462    511
    91 :    302    322    187    399
    92 :    560    581    593    579
    93 :    280    417    290    352
    94 :    200     57     58    318
    95 :    409    249    113    335
    96 :    275    233    182    364
    97 :    406    378    319    196
    98 :    356    480    484    449
    99 :    429    342     93    206
   100 :    182    263    226    365
   101 :    463    371    536    513
   102 :    582    556    594    589
   103 :    595    590    591    573
   104 :    197    498    436    311
   105 :    472    385    309    208
   106 :    312    207    284    438
   107 :    326    432    366    204
   108 :     22    159    337    248
   109 :    412    327    199    504
   110 :    463    169    571    371
   111 :    404    329    238    420
   112 :    304    349    421    431
   113 :    236    186     32      2
   114 :    293    187    144     19
   115 :    230    177     78     79
   116 :    323    387    294    188
   117 :    182    365    408    364
   118 :    231    168    101    102
   119 :    465    289    258    423
   120 :    279    343    389    434
   121 :    372    524    545    464
   122 :    181    118    119    329
   123 :    166     37      3    294
   124 :    169    463    569    301
   125 :    241    228     91     10
   126 :    217    287    409    335
   127 :    381    406    355    433
   128 :    226    263      9     68
   129 :    270    373    514    468
   130 :    270    468    528    466
   131 :    211    327    412    507
   132 :    563    541    522    562
   133 :    198    482    424    318
   134 :    233    384    432    326
   135 :    529    289    465    550
   136 :    548    550    465    516
   137 :     18    143    346    184
   138 :    275    453    426    506
   139 :    228    202     90     91
   140 :    453    275    364    408
   141 :    359    439    307    483
   142 :    317    178     81     82
   143 :    168    306    100    101
   144 :    177    303     77     78
   145 :    413    470    291    250
   146 :    214     84     85    215
   147 :    303    208     76     77
   148 :    489    377    249    409
   149 :    223    212     71     72
   150 :    258    289     28     27
   151 :    319    169    104    105
   152 :    217    116     15    262
   153 :    555    577    580    570
   154 :    314    206     93     94
   155 :     80     81    178    300
   156 :    215    290    417    214
   157 :    360    370    515    551
   158 :    201    473    372    317
   159 :    103    104    169    301
   160 :    337    239    268    380
   161 :    306    232     99    100
   162 :    197    109    110    219
   163 :    312    219    110    111
   164 :    215     85     86    224
   165 :    310    224     86     87
   166 :    308    213     88     89
   167 :    311    220    107    108
   168 :    249    207    112    113
   169 :    313    223     72     73
   170 :    222    218     95     96
   171 :    309    221     74     75
   172 :    315    222     96     97
   173 :    232    210     98     99
   174 :    214    201     83     84
   175 :    220    196    106    107
   176 :    229     56     57    200
   177 :    239    337    159    158
   178 :    314    418    474    206
   179 :    202    308     89     90
   180 :    213    310     87     88
   181 :    197    311    108    109
   182 :    207    312    111    112
   183 :    218    314     94     95
   184 :    210    315     97     98
   185 :    221    313     73     74
   186 :    212    316     70     71
   187 :    208    309     75     76
   188 :    311    436    355    220
   189 :    316    203     69     70
   190 :    220    355    406    196
   191 :    217    335    113    114
   192 :    197    219    402    330
   193 :    326    204     63     64
   194 :    210    232    421    349
   195 :      5     44    347    252
   196 :    305    199    125    126
   197 :    201    317     82     83
   198 :    196    319    105    106
   199 :    204    366    443    235
   200 :    331    415    254    345
   201 :    169    319    378    571
   202 :    273    404    420    282
   203 :    325    198     59     60
   204 :    198    318     58     59
   205 :     92    226     68     11
   206 :    354    441    490    419
   207 :    596    593    581    575
   208 :    461    523    456    374
   209 :    235    237     61     62
   210 :    207    249    377    284
   211 :    237    325     60     61
   212 :    386    452    281    488
   213 :    204    235     62     63
   214 :    233    326     64     65
   215 :    199    327    124    125
   216 :    588    584    536    566
   217 :    181    446    287    338
   218 :    513    544    569    463
   219 :    438    284    414    496
   220 :    214    417    473    201
   221 :    250    291     25     24
   222 :    317    372    464    178
   223 :    238    329    119    120
   224 :    205    238    120    121
   225 :    225    305    126    127
   226 :    185    352    290    448
   227 :      9    263    182     66
   228 :    333    205    121    122
   229 :    233     65     66    182
   230 :    240    332    156    155
   231 :    524    372    473    527
   232 :    327    211    123    124
   233 :    211    333    122    123
   234 :    405    396    511    462
   235 :    512    580    567    534
   236 :    536    584    556    513
   237 :    593    557    558    579
   238 :    401    519    471    268
   239 :    266    369    520    478
   240 :    239    164    401    268
   241 :    168    231    373    270
   242 :    229    200    435    307
   243 :    306    488    421    232
   244 :    393    498    197    330
   245 :    301    569    373    231
   246 :    177    230    405    271
   247 :    332    240    461    374
   248 :    382    274    264    175
   249 :    548    510    368    550
   250 :    550    368    163    529
   251 :    218    491    418    314
   252 :    253    344    407    296
   253 :    556    572    544    513
   254 :    472    276    261    180
   255 :    181    338    117    118
   256 :    269    422    528    459
   257 :    338    262     15    117
   258 :    394    522    541    492
   259 :     30     29    285    430
   260 :      8    241     10     67
   261 :    471    455    380    268
   262 :    233    275    506    384
   263 :     14    115     12    227
   264 :    591    564    563    573
   265 :    114     13    116    217
   266 :    371    540    566    536
   267 :    188     36     35    323
   268 :    416    267    161    248
   269 :    526    455    509    535
   270 :    538    457    583    554
   271 :    465    423    538    516
   272 :    560    555    535    509
   273 :    374    456    519    401
   274 :    537    557    583    457
   275 :    429    365    226    342
   276 :    575    559    531    574
   277 :    456    531    559    519
   278 :    578    553    548    516
   279 :    258     27     26    165
   280 :    332    164    157    156
   281 :    239    158    157    164
   282 :    529    163     29      1
   283 :    251    160     23    154
   284 :    581    533    559    575
   285 :    509    533    581    560
   286 :    455    471    533    509
   287 :    243    286    445    295
   288 :     48    344    253     49
   289 :    591    574    531    564
   290 :    139    345    254    140
   291 :    312    494    402    219
   292 :    341    477    397    192
   293 :    340    497    392    190
   294 :    295    132    131    243
   295 :    380    416    248    337
   296 :    519    559    533    471
   297 :    523    541    563    564
   298 :    284    377    489    414
   299 :     16    348    244    128
   300 :    560    587    577    555
   301 :    528    549    539    459
   302 :    413    525    537    470
   303 :    557    537    525    558
   304 :    520    532    586    565
   305 :    247      0     55    162
   306 :    248    161    149     22
   307 :    557    593    596    583
   308 :     93    342    226     92
   309 :    592    596    575    574
   310 :    171    282    288    209
   311 :    544    514    373    569
   312 :    247    266    413    250
   313 :    592    590    578    554
   314 :    564    531    456    523
   315 :    241    229    307    439
   316 :    562    582    573    563
   317 :    339    189     43     42
   318 :    304    148    147    194
   319 :    341     51     50    193
   320 :    341    192     52     51
   321 :    340    190    130    129
   322 :    347     44     43    189
   323 :    346    143    142    195
   324 :    340    129    128    244
   325 :    323     35     34    216
   326 :    321    216     34     33
   327 :    322    245    146    145
   328 :    339     42     41    242
   329 :    567    511    396    546
   330 :    257    161    267    360
   331 :    580    561    511    567
   332 :    278    487    474    376
   333 :    370    512    534    515
   334 :      6    183    344     48
   335 :     20    185    345    139
   336 :    237    235    443    502
   337 :    553    578    590    595
   338 :    582    562    539    568
   339 :    321    186    283    393
   340 :    369    458    532    520
   341 :      7     52    192    351
   342 :    298    213    490    441
   343 :    365    429    487    408
   344 :    131    130    190    243
   345 :    146    245    194    147
   346 :    140    254    246    141
   347 :     41     40    209    242
   348 :    142    141    246    195
   349 :     49    253    193     50
   350 :    178    464    545    546
   351 :    447    334    375    481
   352 :    277    435    424    508
   353 :    510    460    285    368
   354 :    440    358     54    261
   355 :    562    522    459    539
   356 :    170    430    469    381
   357 :    269    394    492    160
   358 :    368    285     29    163
   359 :    478    543    558    525
   360 :    516    538    554    578
   361 :    266    247    162    363
   362 :    407    350    410    292
   363 :    479    347    189    390
   364 :    400    390    189    339
   365 :    497    340    244    388
   366 :    477    341    193    398
   367 :    526    475    267    416
   368 :    415    299    246    254
   369 :    367    242    209    288
   370 :    441    346    195    298
   371 :    565    543    478    520
   372 :    508    424    482    388
   373 :    312    438    387    494
   374 :    546    545    534    567
   375 :    555    570    552    535
   376 :    586    532    542    561
   377 :    191    320    501    425
   378 :    150    149    161    257
   379 :    334    162     55    256
   380 :    500    288    282    420
   381 :    579    558    543    585
   382 :    324    251    154    153
   383 :    331    345    185    448
   384 :    588    594    556    584
   385 :    460    517    547    469
   386 :    466    528    422    493
   387 :    435    277    450    505
   388 :    383    293    167    376
   389 :    191    171      4     39
   390 :    328    136     17    172
   391 :    320    191     39     38
   392 :    360    267    475    370
   393 :    205    367    288    500
   394 :    266    478    525    413
   395 :    251    324    493    422
   396 :    522    394    269    459
   397 :    430    170     31     30
   398 :    252    173     45      5
   399 :    348    174    277    508
   400 :    190    392    286    243
   401 :    320     38     37    166
   402 :    234    167    138    137
   403 :    506    328    172    403
   404 :    535    552    475    526
   405 :    440    503    395    476
   406 :    370    475    552    512
   407 :     19    138    167    293
   408 :    304    431    281    176
   409 :    479    428    252    347
   410 :    333    211    507    499
   411 :    378    540    371    571
   412 :    328    234    137    136
   413 :    361    134    133    434
   414 :     36    188    294      3
   415 :    482    444    497    388
   416 :    480    495    274    382
   417 :    508    388    244    348
   418 :    255    152     21    176
   419 :    447    369    266    363
   420 :    543    565    587    585
   421 :    503    440    261    276
   422 :    381    336     31    170
   423 :    351    192    397    385
   424 :    186    236    433    283
   425 :    324    153    152    255
   426 :    193    253    296    398
   427 :    245    427    297    194
   428 :    540    547    517    566
   429 :    246    299    298    195
   430 :    501    320    166    414
   431 :    184    265    133     18
   432 :    183      6     47    264
   433 :    447    363    162    334
   434 :    185     20    151    352
   435 :    553    576    510    548
   436 :    362    260    272    442
   437 :    135    174    348     16
   438 :     53      7    351    180
   439 :    521    530    447    481
   440 :    381    469    547    518
   441 :    530    542    532    458
   442 :    366    445    286    443
   443 :    501    485    454    425
   444 :    492    541    523    461
   445 :    150    257    437    357
   446 :    442    272    391    484
   447 :    260    173    353    272
   448 :    553    594    588    576
   449 :     55     54    358    256
   450 :    527    467    515    524
   451 :    338    287    217    262
   452 :    336    236      2     31
   453 :    360    551    437    257
   454 :    479    390    499    507
   455 :    350    274    495    410
   456 :    160    251    422    269
   457 :    487    278    453    408
   458 :    277    174    135    259
   459 :     46     45    173    260
   460 :    151    150    357    179
   461 :    173    252    428    353
   462 :    389    483    505    450
   463 :    467    527    486    379
   464 :    515    467    437    551
   465 :    379    486    417    280
   466 :    476    375    358    440
   467 :    184    354    279    265
   468 :    399    383    418    491
   469 :    183    264    274    350
   470 :    205    500    420    238
   471 :    280    352    151    179
   472 :    175    362    442    382
   473 :    279    434    133    265
   474 :     46    175    264     47
   475 :    596    592    554    583
   476 :    272    353    504    391
   477 :     54     53    180    261
   478 :     33     32    186    321
   479 :    145    144    187    322
   480 :    414    489    485    501
   481 :    260    362    175     46
   482 :    346    441    354    184
   483 :    135    134    361    259
   484 :    316    410    495    411
   485 :    369    447    530    458
   486 :    544    572    549    514
   487 :    353    428    412    504
   488 :    528    468    514    549
   489 :    357    437    467    379
   490 :    443    286    392    502
   491 :    283    436    498    393
   492 :    488    281    431    421
   493 :    436    283    433    355
   494 :    378    518    547    540
   495 :    507    412    428    479
   496 :    386    466    493    452
   497 :    356    411    495    480
   498 :    403    432    384    506
   499 :    417    486    527    473
   500 :    287    485    489    409
   501 :    361    434    389    450
   502 :    435    505    483    307
   503 :    303    395    503    276
   504 :     56    229    241      8
   505 :    127     14    227    225
   506 :    155     23    160    240
   507 :    461    240    160    492
   508 :    329    404    446    181
   509 :    344    183    350    407
   510 :    305    225    356    449
   511 :    194    297    349    304
   512 :    216    321    393    330
   513 :    236    336    381    433
   514 :    538    423    451    457
   515 :    521    462    542    530
   516 :    460    510    576    517
   517 :    423    258    165    451
Number of domains 24
  Domain :      0 
  Name : Holeup bottom
  Number of elements :      6
     0     1     2     3     4     5
  Domain :      1 
  Name : Holeup bottom-right
  Number of elements :      4
     6     7     8     9
  Domain :      2 
  Name : Holeup right
  Number of elements :      6
    10    11    12    13    14    15
  Domain :      3 
  Name : Holeup top-right
  Number of elements :      4
    16    17    18    19
  Domain :      4 
  Name : Holeup top
  Number of elements :      6
    20    21    22    23    24    25
  Domain :      5 
  Name : Holeup top-left
  Number of elements :      4
    26    27    28    29
  Domain :      6 
  Name : Holeup left
  Number of elements :      6
    30    31    32    33    34    35
  Domain :      7 
  Name : Holeup bottom-left
  Number of elements :      4
    36    37    38    39
  Domain :      8 
  Name : Plate bottom
  Number of elements :     12
    40    41    42    43    44    45    46    47    48    49
    50    51
  Domain :      9 
  Name : Plate bottom-left
  Number of elements :      2
    52    53
  Domain :     10 
  Name : Plate bottom-right
  Number of elements :      2
    54    55
  Domain :     11 
  Name : Plate left
  Number of elements :     24
    56    57    58    59    60    61    62    63    64    65
    66    67    68    69    70    71    72    73    74    75
    76    77    78    79
  Domain :     12 
  Name : Plate right
  Number of elements :     24
    80    81    82    83    84    85    86    87    88    89
    90    91    92    93    94    95    96    97    98    99
   100   101   102   103
  Domain :     13 
  Name : Plate top-left
  Number of elements :      2
   104   105
  Domain :     14 
  Name : Plate top-right
  Number of elements :      2
   106   107
  Domain :     15 
  Name : Plate top
  Number of elements :     12
   108   109   110   111   112   113   114   115   116   117
   118   119
  Domain :     16 
  Name : Holedown bottom
  Number of elements :      6
   120   121   122   123   124   125
  Domain :     17 
  Name : Holedown bottom-left
  Number of elements :      4
   126   127   128   129
  Domain :     18 
  Name : Holedown bottom-right
  Number of elements :      4
   130   131   132   133
  Domain :     19 
  Name : Holedown left
  Number of elements :      6
   134   135   136   137   138   139
  Domain :     20 
  Name : Holedown right
  Number of elements :      6
   140   141   142   143   144   145
  Domain :     21 
  Name : Holedown top-left
  Number of elements :      4
   146   147   148   149
  Domain :     22 
  Name : Holedown top-right
  Number of elements :      4
   150   151   152   153
  Domain :     23 
  Name : Holedown top
  Number of elements :      6
   154   155   156   157   158   159
