Size 905,2
4.123542338288102105e-07,-1.814997044808316352e-07
-4.098505373858512707e-07,-1.797194208577751094e-07
-9.170466390177955866e-07,-1.865859868018895880e-07
-9.479806557449221621e-07,-7.415240783221785982e-08
-4.563839926687844883e-07,1.083325484851894814e-07
4.371688192093554100e-07,1.070192345977009001e-07
9.510134790842798422e-07,-8.910426224613431375e-08
9.181570764709461812e-07,-2.022059665230298880e-07
0.000000000000000000e+00,0.000000000000000000e+00
0.000000000000000000e+00,0.000000000000000000e+00
9.999999999999999547e-07,3.419442499456685687e-07
-9.999999999999999547e-07,2.984010031568346194e-07
9.999999999999999547e-07,-2.835902381919183198e-07
-9.999999999999999547e-07,-1.856391141554979665e-07
4.352473951035500523e-07,-2.140008668295489385e-08
-5.373543832181936176e-07,-1.192721194988034213e-08
3.876336831766248490e-07,8.823662816672171186e-09
-3.797280560533159217e-07,5.933457055905130095e-09
9.951950832403149687e-07,-6.272481240963282985e-08
-9.879074833326087006e-07,-7.942693132006378859e-08
9.721217559994537857e-07,-2.609946673652952390e-07
-9.715448006821355620e-07,-2.739599405632381517e-07
4.133306150240752871e-07,-4.760880630047786801e-07
-4.133453934162717439e-07,-4.826353641361197866e-07
4.236059234824478381e-07,-1.806117475928865199e-07
-4.171802628469118529e-07,-1.839597340026096841e-07
9.441450506242743309e-07,-3.029499374059461311e-07
-9.452286002637891991e-07,-3.050844248378668698e-07
9.354367961529956852e-07,-3.959269381155495702e-07
-9.358023333444192610e-07,-3.908524608818943477e-07
4.113516552668569449e-07,-5.057563620190850110e-07
-4.010665810597693077e-07,-5.021548673201069919e-07
2.567412464376960979e-07,-1.611826876232206351e-07
1.249227511329958026e-07,-1.490645296054050238e-07
1.842189399623115254e-10,-1.442149725006588899e-07
-1.242338186358241709e-07,-1.468644165920362834e-07
-2.550117555609896749e-07,-1.581443688680515153e-07
-5.576396414020448011e-07,-1.909824138527666970e-07
-7.106918146156331636e-07,-1.906785957961868263e-07
-8.334437923410480439e-07,-1.890693325635735274e-07
-9.766684420617937894e-07,-1.778415398278866481e-07
-1.007099834067427944e-06,-1.636354091985377702e-07
-1.018949978324137408e-06,-1.473027948812348401e-07
-1.016195699916919170e-06,-1.281368454733782044e-07
-9.940429469801480581e-07,-1.037951385430325528e-07
-8.723976766588854795e-07,-3.787393545710904724e-08
-7.530283691446518663e-07,1.427057437196907997e-08
-6.012724760684503920e-07,6.748702472507655632e-08
-2.986125320731785892e-07,1.346266601681606727e-07
-1.554583298913139409e-07,1.516436660620218011e-07
-1.539546312550251125e-08,1.580669721284269630e-07
1.257078519978445350e-07,1.533435489271893440e-07
2.722914210474355702e-07,1.365061104301678464e-07
5.903300512109620713e-07,6.945150085121455525e-08
7.422616227462396114e-07,6.090051805492623435e-09
8.750018708166243526e-07,-4.945280124057994131e-08
1.000493165710307298e-06,-1.234777694713127940e-07
1.021131581809666251e-06,-1.493244413391777530e-07
1.023329322586754196e-06,-1.688463522690264603e-07
1.009659218597730953e-06,-1.843043807303218483e-07
9.783774853304165271e-07,-1.966892335475189142e-07
8.293764277003892980e-07,-1.986837061966163845e-07
7.132191117169410557e-07,-2.040131651810500679e-07
5.540312060269324971e-07,-2.076592756425520587e-07
0.000000000000000000e+00,0.000000000000000000e+00
0.000000000000000000e+00,0.000000000000000000e+00
0.000000000000000000e+00,0.000000000000000000e+00
0.000000000000000000e+00,0.000000000000000000e+00
0.000000000000000000e+00,0.000000000000000000e+00
0.000000000000000000e+00,0.000000000000000000e+00
0.000000000000000000e+00,0.000000000000000000e+00
0.000000000000000000e+00,0.000000000000000000e+00
0.000000000000000000e+00,0.000000000000000000e+00
0.000000000000000000e+00,0.000000000000000000e+00
0.000000000000000000e+00,0.000000000000000000e+00
2.240657361289773476e-07,3.238584279636670029e-07
-2.681555466922259005e-07,1.609545427844404754e-07
9.999999999999999547e-07,-2.869543365663320166e-07
9.999999999999999547e-07,-2.804206798552539781e-07
9.999999999999999547e-07,-2.665636197821633243e-07
9.999999999999999547e-07,-2.384953018358638906e-07
9.999999999999999547e-07,-2.014445650196935146e-07
9.999999999999999547e-07,-1.625494934718719139e-07
9.999999999999999547e-07,-1.345475466972892639e-07
9.999999999999999547e-07,-1.248320551805721546e-07
9.999999999999999547e-07,-1.407439858694069831e-07
9.999999999999999547e-07,-1.797426585575192038e-07
9.999999999999999547e-07,-2.350207948419113273e-07
9.999999999999999547e-07,-3.014901082873963763e-07
9.999999999999999547e-07,-3.686652138258537134e-07
9.999999999999999547e-07,-4.238199187642810176e-07
9.999999999999999547e-07,-4.581159624250562127e-07
9.999999999999999547e-07,-4.734156675224950448e-07
9.999999999999999547e-07,-4.563280604840232805e-07
9.999999999999999547e-07,-4.148145630177140815e-07
9.999999999999999547e-07,-3.576200102764697329e-07
9.999999999999999547e-07,-2.985297115941068686e-07
9.999999999999999547e-07,-2.502764823622591952e-07
9.999999999999999547e-07,-2.284498987695484757e-07
9.999999999999999547e-07,-2.258609396794739521e-07
9.999999999999999547e-07,-2.463563675739820767e-07
9.999999999999999547e-07,-2.775871538659122878e-07
9.999999999999999547e-07,-3.133932112994381413e-07
9.999999999999999547e-07,-3.439336161339869782e-07
9.999999999999999547e-07,-3.591347188762566714e-07
9.999999999999999547e-07,-3.581030055366108888e-07
9.999999999999999547e-07,-3.263650974180757484e-07
9.999999999999999547e-07,-2.632895223238851599e-07
9.999999999999999547e-07,-1.740087719210283126e-07
9.999999999999999547e-07,-6.891101325774919594e-08
9.999999999999999547e-07,3.667072301116456160e-08
9.999999999999999547e-07,1.324305364463459049e-07
9.999999999999999547e-07,2.104448259778778885e-07
9.999999999999999547e-07,2.857940301669058580e-07
-9.999999999999999547e-07,2.330619360552786991e-07
-9.999999999999999547e-07,1.722647779088304853e-07
-9.999999999999999547e-07,1.032848779179943817e-07
-9.999999999999999547e-07,1.325827202195340259e-08
-9.999999999999999547e-07,-8.789177848183370524e-08
-9.999999999999999547e-07,-1.903926825492872749e-07
-9.999999999999999547e-07,-2.794172448649445756e-07
-9.999999999999999547e-07,-3.389318402625363093e-07
-9.999999999999999547e-07,-3.687908565869876290e-07
-9.999999999999999547e-07,-3.711768984199097970e-07
-9.999999999999999547e-07,-3.526850709588990273e-07
-9.999999999999999547e-07,-3.209529825046460202e-07
-9.999999999999999547e-07,-2.833885589726909819e-07
-9.999999999999999547e-07,-2.504616060019898225e-07
-9.999999999999999547e-07,-2.300398977587141825e-07
-9.999999999999999547e-07,-2.279558434507563578e-07
-9.999999999999999547e-07,-2.530403537028375041e-07
-9.999999999999999547e-07,-2.974902267525381352e-07
-9.999999999999999547e-07,-3.566940553569799630e-07
-9.999999999999999547e-07,-4.120629979080623239e-07
-9.999999999999999547e-07,-4.543333688934531660e-07
-9.999999999999999547e-07,-4.679216532227469918e-07
-9.999999999999999547e-07,-4.533687375541763485e-07
-9.999999999999999547e-07,-4.157592026371011011e-07
-9.999999999999999547e-07,-3.576816107464572355e-07
-9.999999999999999547e-07,-2.889629573656788879e-07
-9.999999999999999547e-07,-2.215882235789239381e-07
-9.999999999999999547e-07,-1.643348173528294236e-07
-9.999999999999999547e-07,-1.254787044929493986e-07
-9.999999999999999547e-07,-1.059174405848765572e-07
-9.999999999999999547e-07,-1.131108652824302185e-07
-9.999999999999999547e-07,-1.398538786342679691e-07
-9.999999999999999547e-07,-1.742975108559155826e-07
-9.999999999999999547e-07,-2.075977330249456643e-07
-9.999999999999999547e-07,-2.315655474454723302e-07
-9.999999999999999547e-07,-2.404918816018457070e-07
-9.999999999999999547e-07,-2.449559169262637735e-07
5.335751087927373741e-07,-2.539765701631745978e-07
-6.935789408947190630e-07,-1.320213497520965253e-07
-4.605092742961058298e-07,8.419824891676720799e-08
-3.655920430717952334e-07,1.659002906558469865e-07
-2.689592179872651937e-07,2.435227168239265287e-07
-1.802380412760547795e-07,3.101209098531261207e-07
-9.845766644926237093e-08,3.530650066777286509e-07
-2.109153163997727251e-08,3.685689169179954182e-07
5.612411172523272541e-08,3.549955889530056353e-07
1.338683334697546076e-07,3.115324604405689022e-07
2.160744940036161409e-07,2.440058169963732093e-07
3.027517459873933061e-07,1.621334285008866377e-07
3.829465720077465171e-07,7.650729211504987651e-08
2.324104958781167505e-07,3.049109506717838028e-08
1.106597985047425738e-07,4.296268607330991226e-08
3.479026205568650668e-10,4.783295637151012779e-08
-1.090673125269559519e-07,4.472564064223878769e-08
-2.279371652448561298e-07,3.174051900785786013e-08
8.801262091992916518e-07,-3.490909412707917051e-08
7.315932196270641873e-07,-2.291454477722409555e-08
5.429174692440183048e-07,-2.253128935692616572e-08
-5.396058164658590308e-07,-2.066647283984223920e-08
-7.156054587865256532e-07,-3.339502035891042062e-08
-8.751648189502938506e-07,-5.362652083940487977e-08
1.049243913428345194e-06,-2.099952138167907216e-07
1.091833387622192877e-06,-1.745635157446241376e-07
1.109276224407793271e-06,-1.441630865771302259e-07
1.103315326693474551e-06,-1.170641912586189846e-07
1.069690180564406914e-06,-9.233566648847807056e-08
-1.064488786726961066e-06,-1.092406315401296734e-07
-1.098474435773112021e-06,-1.339453130845162823e-07
-1.105078147914631306e-06,-1.605836077931041406e-07
-1.089021255650809288e-06,-1.906063193111049564e-07
-1.047022974271484862e-06,-2.262513472398098706e-07
5.712716932011075980e-07,-4.265216794266687989e-07
7.371004063196129469e-07,-3.733481665361286130e-07
8.683060026835591623e-07,-3.181165188554620509e-07
-8.721852993605655379e-07,-3.262952997051772134e-07
-7.340942389165235818e-07,-3.808628366847693878e-07
-5.703616991083383220e-07,-4.326350777609822056e-07
-2.576597613458878882e-07,-5.334445942582794365e-07
-1.233358458947627843e-07,-5.586719270205363813e-07
3.588746147939692189e-10,-5.661271622248657835e-07
1.234246152152477890e-07,-5.569795426595124869e-07
2.544761028133564868e-07,-5.287072416126575790e-07
2.640235349324364861e-07,-1.487082479416620188e-07
1.301626648195358203e-07,-1.315694329992112146e-07
3.447449578314809249e-09,-1.264052059643167043e-07
-1.234294541759732575e-07,-1.328297168035943525e-07
-2.575826325024690230e-07,-1.510758759229164243e-07
8.500491848748616023e-07,-2.711956340939132802e-07
7.332221767391864915e-07,-2.439233730043861844e-07
5.715763120962288746e-07,-2.239523336885198727e-07
-5.642502240273693340e-07,-2.291169130807218179e-07
-7.262121868606184867e-07,-2.461781731137933589e-07
-8.534379005865376025e-07,-2.748059468787438178e-07
1.001942065472054754e-06,-3.757820197919532657e-07
1.037130192777401788e-06,-3.641504892250331642e-07
1.049554854919124560e-06,-3.540013995329727307e-07
1.040872913297479832e-06,-3.431632403921535543e-07
1.008289785798951597e-06,-3.290214024356151425e-07
-1.009150792858351658e-06,-3.289167814889157083e-07
-1.039082703478554526e-06,-3.422508423497153081e-07
-1.048094722314514649e-06,-3.527952477467329698e-07
-1.037119464643129961e-06,-3.621819217148136038e-07
-1.003382311843041617e-06,-3.722217997768040641e-07
5.650200351346440737e-07,-4.696466457607823146e-07
7.102032861599772619e-07,-4.423491080695822551e-07
8.389001097839073928e-07,-4.231467635450096760e-07
-8.421101093742018843e-07,-4.148052720156094358e-07
-7.102499024285924897e-07,-4.409683413939374226e-07
-5.488030977273113537e-07,-4.549629742230103091e-07
-2.451933099293979280e-07,-5.372759809597479721e-07
-1.161703354333502465e-07,-5.573031991069891598e-07
4.858491669172562585e-09,-5.645795624070689365e-07
1.258187131739794699e-07,-5.587896624448155747e-07
2.546833023663254594e-07,-5.399857523077558713e-07
-4.009144999963344912e-07,-2.279830158414464859e-07
-3.747874891439699054e-07,-2.271879794960079214e-07
4.408044758404859222e-07,-4.247951960412940566e-07
4.710405879407238702e-07,-4.458847038157470773e-07
4.677956132688086731e-07,-2.463862042859921702e-07
4.428103954292791923e-07,-2.368179722490383284e-07
-4.282115718906267440e-07,-4.294221485131283769e-07
-4.340479950195663337e-07,-4.403836695074718366e-07
1.224888536911650432e-07,-1.975675112569641063e-07
-6.851502580649033705e-08,-5.142154841287131526e-07
2.485404073014322102e-09,-1.769376844028662978e-07
-1.106540481628584505e-07,-5.109005922563210428e-07
-8.108055325293963175e-07,-1.495261204917136607e-07
-8.246677430965109379e-07,-3.591991804704450937e-07
-8.299320240005601047e-07,4.440401564589870548e-09
-8.421515830757875108e-07,-9.053113150984927832e-08
-6.868360128565133774e-07,-4.469747149238101166e-07
-7.062139760313636107e-07,-2.422355247239561416e-07
7.797001774354892121e-07,-9.486390972954791154e-08
-3.995518141172786634e-07,1.513714620716233534e-07
-3.498685720720538671e-07,-3.665315866768828050e-08
-8.617873758550746747e-07,-2.883156096168765561e-07
-8.693059265153950756e-07,-3.510834481877881094e-07
4.659435048879741861e-07,1.061878332954806416e-07
3.845575422065679641e-07,-4.979408248711204023e-08
8.709490917425896407e-07,-3.408563367631509498e-07
7.798656088122489147e-07,-3.544688834578887480e-07
8.647949913966818374e-07,-1.810881464028596034e-07
8.460965443368373649e-07,-1.516102247550796172e-07
8.832782639006605133e-07,-2.515385877968397839e-07
8.641321866410243549e-07,-3.713842949827255540e-07
-4.470378132507965220e-07,1.162774443278300324e-07
-3.449489791077555915e-07,-2.044777345849108867e-08
8.570980771125920971e-07,-4.449064367530547149e-07
-9.937483788416863236e-07,-4.095576274888158753e-07
-9.957522832897973700e-07,-2.936821363530839760e-07
9.452475831658495715e-07,-3.050076080235556766e-07
9.772360014923997143e-07,-6.530634895295962129e-09
9.707789637025696899e-07,-1.522422859085658633e-07
-9.993167628169295397e-07,-1.493167170184613664e-07
-1.038288532215726358e-06,-5.389209616768494330e-08
-9.703901531593927758e-07,-1.453071785951393538e-07
-1.016875632637195220e-06,-2.781976621790640675e-07
9.254449117702524092e-07,-2.596942509170842954e-07
1.026275288063452491e-07,2.121965216322591014e-07
-5.187595266476293698e-09,3.319854439386443533e-09
9.750423006596795361e-07,-1.611003842230822699e-07
1.025971320462275793e-06,-1.666364650199973660e-07
1.091494051949012292e-06,-1.424487797822972098e-07
1.023481938324067969e-06,-3.907344008180188182e-07
-5.395890362951681388e-07,6.940767664701049534e-08
-9.417941094212578016e-07,-4.684996197366664475e-07
-9.083195298076102956e-07,-2.305657365585384984e-07
-1.006480684863904192e-06,-1.348599358166535882e-07
-1.030554824095681215e-06,-9.980259894209229969e-08
2.849203258225700541e-07,2.067206691529278867e-07
8.794224985006163025e-08,-4.150172775829215648e-08
1.887287556709394629e-07,-3.869796908924691863e-08
8.589370786662699510e-07,-2.058574710364295135e-07
9.265955016416896458e-07,1.763035536086807427e-07
-1.466923688838734136e-07,3.031498862898428374e-07
-8.817476347720579694e-08,-4.150202049560755671e-08
-8.965796985274758598e-07,-1.285269132311309379e-07
-9.615047745533970980e-07,-3.402312872424631612e-07
-9.683316321032703431e-07,-2.178552075632092241e-07
-9.379805152379972009e-07,1.456707889383571873e-07
9.516452920179713885e-07,-4.720870584705092884e-07
9.541823319078214019e-07,-1.274626897956480555e-07
-2.747601255459428936e-07,1.891682756286085696e-07
9.740076277896457695e-07,-3.219875375741526003e-07
1.020427343381728721e-06,2.083538715473887583e-08
9.743087275533383896e-07,-2.531607516349719454e-07
9.415979326914407804e-08,3.177155903344148603e-07
9.802956212475704263e-07,-2.547109484525697370e-07
-1.021753611616797398e-06,-1.455619085527132449e-07
-1.087338946990001715e-06,-1.501378344197624211e-07
-8.009042845475102460e-07,-1.030451816949215550e-07
-1.012183882354628344e-06,-1.685223351669324884e-07
-9.999052849391745185e-07,-4.181695232296749508e-07
-1.029124399563406839e-06,-3.818692424734872030e-07
-9.546785642610234747e-07,-1.079852773832672640e-07
-9.765725340026179633e-07,9.069941636127942816e-08
-1.023943892693876929e-06,-1.910928415265436932e-07
-9.715811667574945931e-07,-2.477715708042873555e-07
1.009978824724100426e-06,-1.643832333442886597e-07
1.001195069320317842e-06,-4.136505604502616131e-07
1.022251958932230215e-06,-1.890287606879153408e-07
1.286374023087714264e-07,-5.112504560111674297e-07
5.444691850512766873e-07,5.073610439630797564e-09
-7.282911389356859739e-07,1.079128659659189000e-07
-8.514452054981841099e-07,-4.266139451476378924e-07
-8.553973803343870300e-07,-3.212158090992450020e-07
8.758362226874407629e-07,-2.811344651114404462e-07
-8.363489784067489733e-07,-2.825049313097213446e-07
-8.661629258869808650e-07,-2.266724190830504598e-07
8.237688196076038659e-07,-2.496358832901156122e-07
8.719302402670817406e-07,-4.219411527401274118e-07
8.612489812126451023e-07,1.935728557393550343e-07
2.708001513993772338e-07,-2.921674940997616449e-08
7.173259934123779390e-07,-1.160954091285512354e-07
8.668858087931097605e-07,-3.629753561098360068e-07
9.179129814030982209e-07,-2.235044160180243460e-07
-9.025322050792162953e-07,-3.738890907077445227e-07
-2.358187250909681991e-07,-4.361123823347725576e-08
-4.712680721648146699e-07,-4.566060113597483057e-08
-4.725854249641680043e-08,-3.666713872713979879e-08
-1.003159382315757391e-06,-2.980603846126700747e-07
1.000302149990530960e-06,-2.296366914580502692e-07
1.011416138639257731e-06,-3.603716431600539904e-07
1.866929502718520118e-09,-4.185080671363824781e-08
-9.399391904524099961e-07,-2.655252186825985342e-07
-9.283552869509432259e-07,-4.350268853037483721e-07
-2.427669766832799701e-07,2.639626318039433265e-07
5.318019796007925182e-08,-5.151361924406143064e-07
-1.250814405107901839e-07,-1.833237829764199408e-07
2.551547904411362048e-07,-1.971491564747069602e-07
-3.040022009840878104e-07,-4.587353558859725626e-07
1.926737930082662629e-09,-1.930340867783838923e-07
-1.202280911041548461e-07,-1.955851300597667332e-07
5.775257441550235238e-07,7.855652414365289720e-08
-1.147533092784108933e-07,9.608565510118342762e-10
2.174393466745707429e-07,-1.716251313840182506e-08
1.029953404826977796e-06,-3.229479863487586327e-07
-1.039939066651341476e-06,-3.517739396562330859e-07
-1.491018143612821250e-07,2.102937576967567381e-07
3.543919073590046657e-07,-2.262804271461027799e-07
3.089774848842496526e-07,-4.694321525651106964e-07
3.655264468507901109e-07,-4.679423620393279368e-07
-9.394090571271563607e-07,-2.148398964376349809e-07
-5.575963051389295038e-07,-2.049369574206693115e-07
-5.657449854112831604e-07,-3.877003805824056795e-07
3.501549120921622928e-07,1.610580026629065060e-07
9.167393621745774117e-07,-4.381154748908908324e-07
1.070130438020653008e-06,-2.018543099608721750e-07
1.027074619900748837e-06,-1.662767335248470365e-07
1.048174828793804906e-06,-4.159277585285721696e-08
5.946991542307433155e-07,-2.489156219825934024e-07
5.577619064413734816e-07,-4.399268495841902600e-07
5.735981241112269390e-07,-2.184035423117240670e-07
5.782895735140368846e-07,-3.781633250464423240e-07
5.438698249490023824e-07,-3.333055951397080197e-08
5.834169438470046186e-07,3.024802746767232030e-08
7.436604361357565347e-07,-4.585039124262743988e-07
7.266540660964657146e-07,-1.722185177407176962e-07
-6.289519207704841516e-07,-1.924741969762762616e-08
-3.581123591592166800e-07,-1.569512220893069039e-08
8.757235008357331571e-07,-3.287049477996992876e-07
8.978605693995463085e-07,-1.339634482274550845e-07
9.012893461309044447e-07,6.655748814720484185e-09
8.655323295905557912e-07,-2.497483195232127411e-07
-1.094504052875087812e-07,-2.394112294790163048e-07
-1.199851929601197407e-07,-2.293252653122045708e-07
4.325348861297248015e-07,-3.967267498161045903e-07
3.955442295876324374e-07,-2.592972061165764317e-07
4.238411402330066621e-07,-4.281349305171651239e-07
8.876974516155106850e-08,-4.648280062629200660e-07
-5.183488962869021277e-07,-3.795333219789400523e-07
-4.811271317314408917e-07,-2.335071768685247979e-07
5.473558785025716223e-07,-2.551438883919625001e-07
-7.043994788988692396e-07,-2.993141348164391883e-07
7.555478914415843070e-07,-4.164890876690225836e-07
7.550360427406529732e-07,-2.069404839684219840e-07
-7.143734292405528653e-07,-2.336559652858674159e-07
7.451426330571210792e-07,-3.552954765797768063e-07
7.685351499883243465e-07,-2.606773595926745424e-07
5.015411676599590781e-07,6.419248940087112427e-08
-4.534568844529613618e-07,1.161028981460494621e-07
-3.976307156706227658e-07,-5.137214777621316003e-08
8.099665150447802532e-07,-3.603013966451756772e-07
7.745010662130478536e-07,-1.567423132172046177e-07
8.495921858646988893e-07,-1.657326451003941848e-07
8.179411093897518115e-07,-4.651385472842732219e-07
4.532248633168124407e-07,-4.079760159917135478e-08
8.327989403066677085e-07,-2.287276324149703052e-07
8.573937898276604138e-07,4.883521231004120507e-08
-3.487094992492682831e-07,1.825842579475316278e-07
-9.196712889056554517e-07,-1.112770476507892401e-07
-9.541850779914974659e-07,6.521190531000377655e-08
-8.957286256651261925e-07,-3.605978287439388158e-07
-9.241740942873506577e-07,-1.874355632361858875e-07
1.022298765854432001e-06,6.086412706825556830e-09
-3.447343879448524638e-07,-4.647406486315772917e-07
-5.693736960906801537e-07,-4.319256915983881362e-07
-4.714727441034357199e-07,-2.519269862567298948e-07
-9.557787453810253833e-07,-2.572552183531930254e-07
-6.961311332275805552e-07,-5.704133403901897138e-08
-1.068727857866100582e-07,-3.153909995187771651e-08
-9.290087332882527650e-07,-4.533572630228364339e-07
-2.476744524563841015e-07,-2.068043256780868967e-07
-9.841888366225751322e-07,-4.295709255400517644e-07
-2.463677249652609632e-07,2.288120266500761209e-07
-2.536972914686342348e-07,-2.008804522971888496e-07
9.475502351586170210e-07,-2.240815576071317385e-07
1.019906042514122815e-06,-1.655959466168363503e-07
1.039058673311081577e-06,-2.226515359545888549e-07
-1.015342722364963428e-06,-3.967888904778263651e-07
-9.323924304240291670e-07,-3.260732303672243297e-07
-9.080244804612046746e-07,-1.439322990845033890e-07
-2.306746340468318049e-07,-1.456309743068186340e-08
-9.392850968618085773e-07,-1.243934826872430362e-07
-9.601170770479415704e-07,-1.547326113896540270e-08
8.504868790484474213e-07,-3.146465968136599702e-07
-8.711238188435631965e-07,-3.461211302380940806e-07
8.735432022446667313e-07,-3.124839546802076901e-07
-7.251906931733041817e-07,-3.531438686422613028e-07
4.194812282655881360e-07,1.026577895824297483e-07
-9.047225838181636991e-07,-4.565198207716311825e-07
-8.832101808615696704e-07,-2.502037765784627181e-07
9.229901797006007989e-07,-1.408106188588687438e-07
4.566723105867769267e-07,-2.725510560807178603e-09
8.937288058278338893e-07,-2.295626256665298211e-07
-8.877757960758763339e-07,-3.706561213014209320e-07
9.764361858071319304e-07,1.186292439261653107e-07
-6.888906730688097035e-07,-1.724836294516603629e-07
-7.026428644394087278e-07,-3.775878367878473869e-07
1.004856054692156936e-06,-3.028648943582413272e-07
1.001545784959205439e-06,-2.669578987407536599e-07
9.400881992532514966e-07,-2.535150104586719016e-07
9.809708300202814316e-07,-4.533799680466157605e-07
9.865436995682568445e-07,-1.320996094950863201e-07
-8.820179292241330815e-07,-1.723680613690083500e-07
1.033830013217809527e-06,-9.266708373734062073e-08
-1.006899324862936976e-06,-2.712553069168437361e-07
-9.992724351471759641e-07,-1.979105338807803855e-07
9.352360818702049897e-07,-3.550878043318205646e-07
8.846351657137753381e-07,-4.656136084538298343e-07
1.349067254830433948e-07,-4.441276044169127114e-08
-9.716919839513505417e-07,-4.563601191240590392e-07
-1.012840366872721723e-06,-3.545962583444697614e-07
-9.844969234227679246e-07,-1.127658400441199286e-07
-1.014339143868018166e-06,3.762048575428382996e-09
1.013656305467004974e-06,-1.972896867753685478e-07
-9.345152141008570959e-07,-2.272173421276283690e-07
-1.005923069927556041e-06,-1.460035973947807838e-07
-1.076776949082062386e-06,-9.946149791603877195e-08
-1.021761889343523988e-06,-1.452665611251547779e-07
-1.027153665481826476e-06,-3.209766735419010883e-07
-1.072586410494878521e-06,-2.054827111435289636e-07
-7.076071666391204100e-07,-2.874736215111972600e-08
-6.257472887853759473e-07,-1.505150168245675622e-08
-1.019753309047298633e-06,-1.588800289605721283e-07
1.002607583548908925e-06,-4.188882290780336469e-07
-1.060592065423499291e-06,-1.254606498446997270e-07
5.161597868095101179e-08,-3.743344557713833411e-08
-4.011880369211159084e-07,-3.700516134663564847e-08
-1.376019606059211318e-07,-4.620120185549882233e-08
1.857214135121332874e-07,2.755854743321051954e-07
-3.384909236770049221e-07,1.987342881856973595e-07
-1.609050594267807793e-07,-5.026250315309722603e-07
-5.465738876676494759e-09,3.250250532622129661e-07
1.287645754041581134e-07,-1.810450910838441950e-07
-8.388547501437755803e-07,-2.357911627286968087e-07
-8.278784966526163032e-07,-4.517682142862466397e-07
9.762046075032482698e-07,-2.650009814666170195e-07
-8.671155544872739312e-07,-1.669581715870370478e-07
3.732915973790748774e-07,-2.232660178325278168e-07
1.142147730097586048e-07,-2.409310363481323149e-07
2.491000346600358572e-07,-4.937080229820032169e-07
8.304830137530710862e-07,9.988685046088153035e-08
1.776199793216635956e-07,-5.012863056647548990e-07
-5.595155847833221915e-07,3.745936293358620929e-08
1.084357018212022815e-06,-8.785078637196219868e-08
-2.360615257122499584e-08,2.182895505767782049e-07
1.057695766082384617e-07,-3.506856996899725721e-09
1.008064875191612078e-06,-1.644576304635763779e-07
1.040290679410548804e-06,-3.579566601891217755e-07
-8.858053053312660404e-07,1.699662387061812591e-07
2.422900136422906598e-07,-2.092238342680602534e-07
1.020549919802149876e-06,-2.590872223293898386e-07
1.010178758284788046e-06,-1.622315283980805787e-07
9.106411771173082282e-07,-2.369258763730674695e-07
8.701177705541393792e-09,-5.170579682771342380e-07
9.911300954563810697e-07,-2.880281380309290253e-07
2.284737670390385708e-07,1.934235308202095193e-07
3.163835294844595096e-07,-3.834258645460439763e-08
9.216370275526129254e-07,-1.859081090219082668e-07
9.814931367389470200e-07,-4.182923476193545268e-07
9.227378818136629781e-07,-1.547035103784439739e-07
9.121185963874571496e-07,-3.352927901799394865e-07
3.929326515809167350e-07,1.406673277483864512e-07
8.888742037566953922e-07,-4.626353082588574959e-07
6.593433053562125571e-07,-6.184406908718989883e-08
-4.962910460066957309e-07,-4.290624241795281141e-07
6.984611558440832375e-07,8.011188792623125244e-08
6.580561470656123934e-07,-2.440907033083417176e-07
7.007432374833668188e-07,-3.681848393096679227e-07
6.913137943589859165e-07,-4.473728020971611525e-07
6.417996943526801586e-07,-1.976409822572850172e-07
-2.314000930737528932e-07,-4.923364973217452253e-07
5.092974758646304672e-07,-4.233366092587751947e-07
6.235521971439667728e-07,-1.239019077535686685e-08
6.540104957225325111e-07,-2.502362661419903799e-08
5.239995139145744154e-07,-3.726546772072946548e-07
-3.803787866392323782e-07,-2.890174299340184210e-08
-6.113057990891411586e-07,3.602075899093601427e-08
5.213810751593421003e-07,-2.320417066196254589e-07
-1.006674389924926931e-06,-2.954589274529630964e-07
-1.544496563786208748e-07,-5.366915636382739106e-08
-1.397410426916796408e-07,2.600047067640524879e-07
-4.052562445371931633e-07,-4.215246833556195029e-07
2.299105948658228738e-07,-4.555952008393666458e-07
4.690616257273299977e-07,-2.580829746996269076e-07
4.938246840748063583e-07,-3.692998473299752163e-07
-4.289758020918321216e-07,-2.611814614705437620e-07
-7.408630202826277642e-07,-3.441096574950491493e-07
-6.392888540321826738e-07,-4.358049993422552033e-07
4.782677619738183060e-07,-4.047256892441179963e-07
-2.199109269167527445e-07,-2.454061510095602879e-07
6.230815725529157677e-07,-2.501319586214528658e-07
-7.132284339898958749e-07,-2.404966303164393535e-07
-7.795589497141193691e-07,-1.823712734106601248e-07
-1.732700070049860475e-07,-4.616849769334917047e-07
1.185655233267513449e-07,-2.261900886560173470e-07
7.056333887027112990e-07,-4.543436341158604796e-07
-8.664418834992825877e-07,-3.710092208364490731e-07
-7.003431570475692118e-07,3.109159569352566718e-08
-8.946285688078892830e-07,-1.829037072610852307e-07
6.206387534938660609e-07,-2.060647995703319513e-07
-7.117967056746511741e-07,-1.602185551528187601e-07
-3.913179699702549897e-07,-2.541712558926009957e-07
7.188494364869774265e-07,-9.472458004257265147e-08
2.072559649227372729e-07,-4.498648481370434092e-07
7.871756818863862451e-07,-2.388031614124226972e-07
2.204986653786308714e-07,-2.474320743435987484e-07
-7.922210223303378045e-07,-3.697945148453803273e-07
2.558996698109472515e-07,-5.104365188118932744e-08
-2.401654054667841014e-07,-2.416033506010522719e-07
-8.246705496765581616e-07,-4.577439481987856584e-07
7.076846568231848901e-07,-3.665447868268491006e-07
9.270987739140564205e-07,-1.402225877359722719e-07
-1.023279576313989011e-06,-2.615707225293680676e-07
-9.650462888252369469e-07,-1.245562430414936312e-07
1.868514030274153756e-07,-4.515922766065749910e-08
6.673434329987462370e-07,3.065093431973217336e-08
9.883402788469754786e-07,-2.917605161656201725e-07
7.691528690147276860e-07,-4.496209031350547104e-07
8.050121236744997526e-08,2.603617862461795418e-07
-8.636153289899396806e-07,-2.261898270919741166e-07
-9.628321548631918790e-07,-1.780997011211319987e-07
-7.811558128791896432e-07,-2.518241211931944587e-07
-8.472022192068660047e-07,-1.247988760794645331e-07
4.558321109084424161e-07,8.888126012238002541e-08
-1.027032999166704374e-06,-3.514542869959468155e-07
-1.835441564482792857e-08,-2.754973336154634821e-08
-4.212714712187441960e-07,-3.990640361340964898e-07
-1.047158827068652174e-06,-5.769791345981347022e-08
1.008712908798776420e-06,-1.952132433788340799e-07
-8.815600840054455757e-07,9.465700150580199436e-08
1.015573628666708645e-06,-3.099232616052765976e-07
-7.215160165209738268e-07,-2.924756256090390767e-07
1.065367697355699655e-06,-1.236744405833766651e-07
6.852643023550150378e-07,-2.914124581175814704e-07
7.397170704052606585e-07,-3.751660018886072727e-07
9.558120195726132235e-07,8.303047624808306200e-08
7.540041339392436662e-07,-3.142204670349911070e-07
7.567467720083209738e-07,-3.376537298831764091e-07
9.638857895715619592e-07,-1.406259174360671673e-07
-1.016883948322937835e-06,-1.433950266714054662e-07
-1.052470861798383981e-06,-1.957272563258026653e-07
-3.484926339761849854e-08,-4.693753668358241174e-07
-2.630548783859464889e-08,2.709205330723015887e-07
-2.331573179137046176e-07,-5.832604240685957977e-08
-1.550489463872214388e-10,-2.236400857188004177e-07
9.544229651976135292e-07,-4.483539232082302961e-07
8.152127721016707434e-07,-3.653132152896123662e-07
8.670436413657036555e-07,-4.738518103224233288e-07
-3.983257444508160946e-07,1.549913491827322806e-07
7.393297254573361685e-07,-2.363302159554200889e-07
8.139612855060233260e-07,-1.626576499971155623e-07
7.559267575745458447e-07,-2.876656199160590625e-07
8.902209118230464657e-07,-2.111581854605982526e-07
-5.489296770260597351e-07,-3.478056494905911288e-10
1.025909317222788952e-06,-3.612439925510158428e-07
-7.209798064828671978e-07,-3.249467826817823593e-07
2.999395144092983209e-09,-2.377122098990640059e-07
-8.192920944857462360e-07,-3.720960672664727837e-07
-1.014391780522599970e-07,-4.668674085363363573e-07
-8.435640030797834428e-07,-1.373667110426978181e-07
-8.487831488266859372e-07,-4.650689946021500296e-07
-8.200325807687276167e-07,-1.432053632838645476e-07
2.349835011241569493e-07,2.373853143503040596e-07
3.345283299945651145e-07,-2.503116442878432929e-07
8.086010546752184413e-07,-1.656381749562246658e-07
3.313029503313433172e-07,-4.405126890907544241e-07
3.155589549653570629e-07,-2.543256011154626665e-07
-2.982718495931600938e-07,-5.492237352382360765e-08
1.023672852138296158e-06,-1.839879713969589667e-07
3.229936910175666206e-07,-4.253976288072735474e-07
1.034730341405432374e-08,-4.715059207231569078e-07
9.978082905864470762e-07,-1.489648305166719689e-07
-4.896541713913175054e-07,-4.161488041093975146e-07
-1.008147359156210967e-06,-1.694845662517832163e-07
-6.281701704882823869e-07,-3.762658103053681506e-07
-2.994121194895291024e-07,2.192517510301287305e-07
9.014030039928116049e-07,-3.503925757709864614e-07
2.577358390692960541e-07,-6.167980990682033348e-08
-7.778349283106668631e-07,8.459974585552703795e-08
-8.180277327589338496e-07,-1.311602194556993232e-07
-6.009289917971314448e-07,1.319529688381920774e-08
-9.446812079411477809e-07,3.022132796197252376e-08
-8.369990613161847722e-07,4.713612431390453314e-08
2.868816188469904681e-07,1.998819695374615256e-07
7.421713796233815281e-07,2.357999707451042690e-08
-6.170504750107529896e-07,-2.516540756302067192e-07
-7.611231972980116867e-07,-2.697133747849034061e-07
4.249418591281433918e-07,-2.635638554765890371e-07
-9.776800892717269608e-07,-4.385092946918204665e-07
-3.130939875079367172e-07,-4.365048220939649577e-07
9.711137719227384090e-07,-4.495389500645912817e-07
3.711144605537981064e-07,-4.421572444112219410e-08
8.691215657723688481e-07,-1.431520351856707122e-07
-9.909493925868631057e-07,-2.994528254083049549e-07
-9.456477840912060816e-07,-4.579164436352381570e-07
6.329746887404065290e-07,-4.451776902825541024e-07
7.454672248770739297e-07,-2.331443553441200029e-07
-9.863510524551767578e-07,-2.802169944194275861e-07
-5.853691583237873136e-07,-2.071679221814247173e-07
5.713834666248150164e-07,5.302583334673073751e-08
7.072840563186321560e-07,-1.771590513668602709e-07
-6.073936694465155452e-07,-3.717097606616839942e-07
6.383268723797257781e-07,-3.671376522711285727e-07
-3.220493854892950351e-07,-5.115319980489583292e-08
6.127813271327218123e-07,-1.792999261649442813e-08
5.558337129885195708e-07,1.051241545882276732e-08
9.350965561348173137e-07,-4.661134974351630336e-07
-1.012253602113486604e-06,-6.633923340102742212e-09
-8.462884999760845026e-08,-4.579665499681767963e-08
5.536149727280968976e-07,-1.194444147135103564e-08
9.653859401216042656e-08,-4.888146393496510323e-08
-2.016764188965673742e-07,-4.384656043759629948e-08
-4.846062838256865649e-07,-2.942366322521164895e-08
-9.757413108108258505e-07,-2.659270127371526703e-07
-3.956154575871147755e-07,-3.995851804343829324e-07
2.976931456346446643e-07,-2.788841326511775159e-07
-2.291590576987872417e-07,-2.748296565289709666e-07
-9.365768875017542831e-08,-4.283698150656841568e-07
2.178056661779102090e-07,-4.092541673079547265e-07
-2.011546557124965829e-07,-2.780065856709425657e-07
-1.244981986612517661e-07,-4.211342453265479363e-07
3.945011403685220571e-09,-2.760459088325912137e-07
1.076350774418991917e-07,-2.641338735668905019e-07
3.928068318703261156e-07,-2.813732634249189109e-07
-5.928520802542400025e-07,-3.088276771832299395e-07
-4.825948038641359598e-07,-2.543938978844029739e-07
6.602454144265927253e-07,-2.720845852214083716e-07
-6.106208832928625660e-07,-3.472482321174667754e-07
6.525295994862209546e-07,-4.099747703155232168e-07
3.071419848984182869e-07,-4.151344730876285879e-07
6.502013594294325672e-07,-3.481824817419929060e-07
-6.799641118346024134e-07,-2.604420355021281638e-07
-2.422500961250264764e-07,-4.288963964776071358e-07
-7.498093340340103662e-07,-4.318316511348606450e-07
6.556598722456987891e-07,-2.584473329519000181e-07
-6.038227310316984314e-07,-3.291431318689379307e-07
-5.848254048713449440e-07,-2.623078548933626006e-07
5.906181639564374539e-07,-2.635472823007175425e-07
-6.701750021642179945e-07,-3.632439366871255671e-07
6.411249128593265092e-07,-2.954380934186668607e-07
-5.642526051591913325e-07,-2.616795673940278841e-07
-8.168473325696324318e-07,-2.340937101879336735e-07
-7.005570422483878966e-07,-5.545308052323731112e-08
-2.111988613223331035e-07,-4.537666737487201304e-07
1.218042100041797279e-07,-4.673404781143848526e-07
-1.362413359569391413e-08,-4.265938855044113176e-07
-1.149030593409709645e-07,-2.677154025210094509e-07
2.313575468091870060e-07,-2.359896262842589143e-07
-6.945676978466147401e-07,-1.887549222800131378e-07
4.254489265653292805e-07,-3.779825166277282508e-07
6.095093612236040137e-07,-3.609868632855425963e-07
1.055724161262665327e-06,-4.742749135573579154e-08
2.058621470704693275e-07,-2.789663038326385210e-07
9.679892834242992056e-07,-3.125796450010715428e-07
-3.208115930844506476e-07,-2.528201473834705696e-07
1.834700295725070416e-07,2.369730687846075412e-07
-5.720602165378118086e-07,-4.248834805169407677e-07
8.942685946735967657e-07,-1.292185192134073995e-07
5.766873893723778281e-07,-9.698853541577059040e-10
5.902884590490151982e-07,-4.272336064235825416e-07
6.980356058518911189e-07,-8.776795516577107545e-08
1.512738512229904204e-07,-5.515105047199076436e-08
5.781741232325906639e-07,1.940417932896147474e-08
-7.600418895479690575e-07,-4.557729782665784877e-07
7.002281127269230379e-07,-1.932795488397591270e-07
7.101767483532479235e-07,-2.383806809183884051e-07
5.594461906895390755e-07,-2.451347689447401133e-07
-8.078716575816462183e-07,-3.764020659439090405e-07
-1.012790706892751364e-06,-2.609465248514536728e-07
-3.512482469626834001e-07,-2.545941084088608759e-07
-6.962327687646938972e-07,-6.299745479871103849e-08
7.852683550113201768e-07,-4.665036596444573814e-07
-5.676595647681091127e-07,3.066988370006584390e-08
3.950250444474105644e-07,-4.080463889086409666e-07
-7.092395415785822586e-07,-3.731508406472226984e-07
-8.903352512805601245e-07,-4.681062971288861628e-07
1.001849883520188225e-06,4.166507947021378207e-08
-7.646057435051983276e-07,-1.530511393286197327e-07
3.629977134647585312e-07,-2.755176685019926792e-07
9.768660225736425890e-07,-1.955366252118787029e-07
-3.186962329311620115e-07,-4.197183610859302080e-07
9.549821141402249126e-07,-1.324823565424082969e-07
-9.054291246273076515e-07,-1.210658433389473475e-07
-8.303600131942327277e-07,-3.752444414503297581e-07
8.077065315184826184e-07,-2.262890079198018599e-07
7.918810125816614814e-07,-1.428902268910249304e-07
-8.046801152784384406e-07,-2.303957453959027979e-07
-9.936829471744667489e-07,-1.250062629909456436e-07
-9.952681241610288135e-07,2.540092325296631580e-08
-9.704376900810167803e-07,-1.151465255229703867e-07
-7.030413419240902028e-07,-3.772078696407972857e-07
-9.118678370978815532e-07,-2.364808910865762832e-07
7.757512856902439169e-07,-1.578481184623372935e-07
-9.044642240206751316e-07,-3.456740884335737231e-07
9.557050095109047305e-07,3.953801206485054669e-08
-9.229493563580209042e-07,-1.503423784053108821e-07
-1.000096653628422423e-06,-1.321346513934682342e-07
7.531065379623117058e-08,-4.077076888511691218e-08
-8.114626810536682450e-07,-1.543249518676115149e-07
7.287245392780227137e-08,2.878118111075995872e-07
5.061603994936872693e-07,-2.687659142983693062e-07
-2.331741645583341087e-07,2.494793087310728255e-07
-3.003625274956493816e-08,-4.152574041150228461e-08
5.048924111026430564e-07,-1.275810593083747670e-08
3.393540978142208665e-07,1.728465621269204345e-07
1.402897137492106594e-07,2.760313186568539673e-07
-9.470100898551727879e-07,-3.322897763391710513e-07
-5.187180448000969729e-07,6.695468651934066790e-08
2.961194114123657761e-07,-3.026401144643672899e-07
-2.173588522935688083e-07,-3.035662892119603032e-07
3.780196967725876998e-07,-3.863572931520949837e-07
-1.093646628356109247e-07,-3.881177325382968385e-07
-4.896419277888507682e-07,-3.170049965577203315e-07
5.767886818250034715e-07,-3.154566279657474079e-07
-4.618343461778043810e-07,-2.734443760752845901e-07
-4.942542626109829411e-07,-4.000290529546549600e-07
-1.962674267185214823e-07,-4.194366971246394540e-07
2.116726031203393023e-07,-2.680775008954211200e-07
4.749348210366183956e-07,-2.843487207995978225e-07
-3.004829938891714128e-07,-2.779212053730799167e-07
5.233266337415717109e-07,-3.578761438147963131e-07
6.267054293439677651e-07,-3.224875462693551701e-07
6.328320025689418058e-07,-3.782925367305229523e-07
-5.708517901199674348e-07,-3.032655623637008432e-07
-5.778579355647743461e-07,-2.339741871870415156e-07
-6.832328790699535117e-07,-2.789336554068063076e-07
-4.983066946854172526e-07,-2.821336306393879933e-07
-9.991246647617566284e-08,-2.762650246490421460e-07
-6.024727904281231982e-07,-3.480258563847137118e-07
-3.179807399448896312e-07,-3.935865411322094206e-07
-2.255157245428293730e-07,-4.082357283065930741e-07
1.000378243361720398e-08,-4.316963733614976804e-07
1.021179321230042119e-07,-4.221766038410523106e-07
1.066349679874314254e-07,-2.772325842722795926e-07
5.625449227842966255e-07,-2.809802553724127432e-07
-6.784113262206242801e-07,-4.354905543281048711e-07
3.069191760519720095e-07,-2.748408012742422016e-07
-2.443908083075840315e-09,-2.636731420915196802e-07
-2.968885568998404850e-07,-4.078066748942154374e-07
2.131766596285250333e-07,-4.230085233197023319e-07
-3.925685598599894160e-07,-2.708352217707120334e-07
-3.611154070265075871e-07,-2.840208443912584043e-07
5.623568515308019577e-07,-4.054660250911587154e-07
4.021261553956627383e-07,-2.895936406921878700e-07
6.749494593452178482e-07,-4.369638884569707663e-07
-4.124304873844662572e-07,-3.786125509550618476e-07
-6.554243122698605677e-07,-2.171046602665990359e-07
6.797747701361170268e-07,-3.366801849640309616e-07
6.832500043716541235e-07,-2.521118804748928759e-07
7.200179167662733010e-07,-3.647421526488858881e-07
6.605366004125000282e-07,-2.258643056443734173e-07
9.766258161911316550e-07,-2.193016682735257064e-07
3.273731951251796065e-07,-3.929068111936085062e-07
-5.755949770063733235e-07,-2.739986206284095236e-07
1.000493769303639019e-06,-2.714898011785942737e-07
-5.982338453834482175e-07,-3.622860501250633708e-07
4.589555607200343485e-07,-3.833552192886134877e-07
7.587418305382542309e-07,-1.852928629295968147e-07
-2.859905880409729928e-07,-3.742480967994752051e-07
2.897538819450131197e-07,-2.973935851219800759e-07
-8.844094798620985456e-08,-3.949079192554420045e-07
1.014399969509818091e-07,-2.965861094761408883e-07
-1.911448988287988252e-07,-3.079825458398405287e-07
3.415345483593907811e-07,-3.608089827458021597e-07
-3.110319163190711323e-07,-3.707988639069334926e-07
4.828874233744073932e-09,-3.086578164640625423e-07
3.894535757504787431e-07,-3.130304172083159165e-07
-3.196258859793569232e-07,-3.072429426911622306e-07
-1.099373874642939380e-07,-3.002045811272833723e-07
4.482168386126242460e-07,-3.620158745568232833e-07
-4.995530254726625011e-07,-3.346233224931685701e-07
-4.734597230660308308e-07,-3.255402501452239004e-07
-4.891327602541972803e-07,-2.767768859021088796e-07
-3.970596115619236706e-07,-3.751399244868745365e-07
5.631581587687485841e-07,-3.429847901497845183e-07
-4.640061236404487074e-07,-2.991409301398221664e-07
-6.431536588651477725e-07,-3.929546453494514858e-07
-5.808362207862627847e-07,-2.902666354716149622e-07
-2.874811531518252288e-09,-3.900592498768204116e-07
1.132222253975847868e-07,-4.295628973485938850e-07
2.167620890542046270e-07,-3.765159695802361256e-07
-2.127738967291283862e-07,-3.809330545445000137e-07
5.364635866787008314e-07,-3.009624599266485280e-07
2.007861490630354706e-07,-3.078568292120248307e-07
-5.917847730720308599e-07,-4.140396437408928326e-07
-4.043997297437239562e-07,-2.906000055687388826e-07
2.933534511691370092e-07,-3.894823794043414657e-07
-5.026676284168459425e-07,-3.517104382233717647e-07
5.417008050530328340e-07,-3.807256858947359498e-07
5.251904459068973509e-07,-2.866313951928308598e-07
-5.063487673419507000e-07,-3.668118601294920256e-07
6.101800392294743653e-07,-3.456683766532368211e-07
3.681201147889680778e-07,-2.998500054078275639e-07
4.431980569839210292e-07,-3.596474590731486686e-07
3.137213210576151880e-07,-3.315404938469235786e-07
3.039887373958866646e-07,-3.381604695347531408e-07
-3.065739843431777521e-07,-3.488467800636052620e-07
-1.050562583832647738e-07,-3.580778590326512176e-07
3.504027534931515238e-07,-3.139600366684881546e-07
-3.307191373570103374e-07,-3.454899955373435541e-07
4.427684719253105963e-07,-3.201506973623718174e-07
-5.020536489537888744e-07,-3.774809170956118156e-07
-4.068980573910798929e-07,-3.600151776443036498e-07
-2.089676397674471439e-07,-3.293480420646179852e-07
-3.037803821955904363e-07,-3.087426080245570019e-07
-9.311456709026447757e-08,-3.080928230989450134e-07
5.093762968698012289e-07,-3.219837501182369846e-07
-1.834374916594968991e-07,-3.881277147769661051e-07
-3.971824063244701645e-07,-3.239293939867676926e-07
1.058340543174394711e-07,-3.861782753403698903e-07
9.022082037797418539e-09,-3.975220151455936139e-07
-4.972956357053604741e-07,-3.501987590489843362e-07
-3.017294187936737633e-09,-2.976475934002168460e-07
5.225192647912443663e-07,-3.559517576158860488e-07
2.024750193804562643e-07,-3.933476708508043914e-07
1.030443866864276555e-07,-3.087785814109485996e-07
2.004312935461085652e-07,-2.966027952929538324e-07
3.754842155731428468e-07,-3.632288889085302857e-07
-4.934316411906061455e-07,-2.948137637665020005e-07
7.187622725252774717e-07,-3.312148740535726215e-07
-7.861278979787065023e-07,-3.889307919644060777e-07
4.767816963168140091e-07,-3.409744376110703372e-07
4.458585237257146805e-07,-3.022181143349809405e-07
-3.907934419536616459e-07,-3.099531340824780127e-07
4.099045010916193252e-07,-3.410206380081445433e-07
-1.789518184687993859e-07,-3.355162655182062669e-07
2.073676756073715063e-07,-3.485001498731064098e-07
-8.808640020880632093e-08,-3.371018458825253650e-07
6.388119006591052620e-09,-3.381543308505946987e-07
-8.619329431295157420e-10,-3.582104954194735044e-07
2.924893672303341729e-07,-3.631453034345525462e-07
-3.737511782881939142e-07,-3.247123885828748510e-07
3.961751418412199132e-07,-3.416283982690308805e-07
2.882001324034783763e-07,-3.183377042710409741e-07
-3.065957990706834305e-07,-3.278042147425542890e-07
1.068902591203759809e-07,-3.967418904374626772e-07
-8.606637186159112124e-08,-3.652014779721734084e-07
2.006580267806529448e-07,-3.362226341733090836e-07
1.010305286781871283e-07,-3.259890400539702737e-07
-2.079127157298883854e-07,-3.546602939606823007e-07
4.017387908748209228e-07,-3.239697672335619869e-07
-1.063644868536188549e-07,-3.294477578552951631e-07
-4.020513184580152192e-07,-3.417262940892371775e-07
4.451328687948816487e-07,-3.462820513077530927e-07
-4.072592202339211564e-07,-3.507850770439958067e-07
-4.367911008708682978e-07,-3.080566173552891648e-07
4.939554222747596215e-07,-3.345882307165070944e-07
-2.371164049792958981e-07,-3.569117086264094382e-07
-8.786253390818773347e-07,-3.825620614526779297e-07
1.999285388175381828e-07,-3.647538070938346008e-07
1.027225980972601978e-07,-3.380150292051907393e-07
1.993042110303731657e-07,-3.226354527769448374e-07
1.036996491627617279e-07,-3.550240311591414202e-07
8.038916847281872117e-09,-3.671401380552004638e-07
-4.177027803830721468e-07,-3.339355282950659008e-07
-2.140769103529535796e-09,-3.282366020835533302e-07
-2.597276550334217237e-07,-3.383506793322124467e-07
-1.740466110711010194e-07,-3.615077646035860973e-07
1.039650722609529588e-07,-3.668743944383881024e-07
