Size 1128,2
8.136670136433231350e-07,1.044402856238286983e-06
-8.142574947224234443e-07,1.040113138057238478e-06
-1.803878562769713611e-06,1.060315524799546186e-06
-1.858120576160789660e-06,1.301114664521426454e-06
-8.952280037767956636e-07,1.562192760005976500e-06
8.934027317537185566e-07,1.560399201321855457e-06
1.858190712790703384e-06,1.304166017778694132e-06
1.816073798642818064e-06,1.054214122466791796e-06
0.000000000000000000e+00,0.000000000000000000e+00
0.000000000000000000e+00,0.000000000000000000e+00
2.000000000000018121e-06,1.465761693582762550e-06
-2.000000000000018121e-06,1.464338341893049666e-06
8.643731778160869564e-07,5.928367632568327945e-07
-8.627001271520150442e-07,5.881253246466055674e-07
1.896891382345536580e-06,4.204503961995716463e-07
-1.897721706874502672e-06,4.194638371509548444e-07
1.870189721354008937e-06,2.410922952677783595e-07
-1.870402626150870031e-06,2.438299488134528061e-07
8.134887206397013868e-07,1.775492820493592513e-08
-8.130602510727668137e-07,2.713142952203595865e-08
8.262190989560359825e-07,6.103365337757933152e-07
-8.178299876770101058e-07,6.084076184450453726e-07
1.842522052150709280e-06,5.033545376602772812e-07
-1.845920325997122860e-06,4.952423379541489324e-07
1.829935783744216213e-06,5.141929301795326184e-07
-1.833501230477737291e-06,5.178820262237529312e-07
8.051331032539764139e-07,4.215645619003426589e-07
-8.092791652483468240e-07,4.231296888818293627e-07
5.056830465315842166e-07,1.078810947900115183e-06
2.458183248980996326e-07,1.098582090240879645e-06
-6.482847464885216471e-10,1.105271119324572205e-06
-2.474299691510185426e-07,1.097223029169157406e-06
-5.109844241637179105e-07,1.075576443132058274e-06
-1.109232547980320690e-06,1.019086371308712506e-06
-1.401852456031927198e-06,1.021170352416643103e-06
-1.636368201588061379e-06,1.042378121096258843e-06
-1.926884885199922902e-06,1.086886479651367807e-06
-1.986696213532657618e-06,1.122903660295174483e-06
-2.008557283150545149e-06,1.161746445412902362e-06
-1.998977919280439790e-06,1.203358339397176244e-06
-1.954717298250451088e-06,1.249736988465845038e-06
-1.710377558373034662e-06,1.353024181444764878e-06
-1.473632281828704700e-06,1.423550151932082391e-06
-1.186904454865879302e-06,1.508618220496391238e-06
-5.733072026087234615e-07,1.597466404351436566e-06
-2.834747537451069511e-07,1.619154720770767542e-06
-5.537501556293576222e-10,1.626583363671907106e-06
2.823754450783578651e-07,1.618642695773328193e-06
5.723088858869600152e-07,1.596192399661904919e-06
1.188220177371161303e-06,1.510819203841473333e-06
1.473171025932989601e-06,1.427084033474375571e-06
1.714832670202106939e-06,1.358322884292351075e-06
1.954066140076119093e-06,1.250600013403045682e-06
1.998389326955200993e-06,1.203889520185224845e-06
2.008060979541657559e-06,1.161828297822605031e-06
1.985875571939138800e-06,1.123118481285489182e-06
1.928965633930994064e-06,1.086237166767724836e-06
1.653517304112936187e-06,1.036827633806180274e-06
1.385785589442896862e-06,1.019684879551228554e-06
1.108488672821208020e-06,1.015662816055663910e-06
0.000000000000000000e+00,0.000000000000000000e+00
0.000000000000000000e+00,0.000000000000000000e+00
0.000000000000000000e+00,0.000000000000000000e+00
0.000000000000000000e+00,0.000000000000000000e+00
0.000000000000000000e+00,0.000000000000000000e+00
0.000000000000000000e+00,0.000000000000000000e+00
0.000000000000000000e+00,0.000000000000000000e+00
0.000000000000000000e+00,0.000000000000000000e+00
0.000000000000000000e+00,0.000000000000000000e+00
0.000000000000000000e+00,0.000000000000000000e+00
0.000000000000000000e+00,0.000000000000000000e+00
0.000000000000000000e+00,0.000000000000000000e+00
0.000000000000000000e+00,0.000000000000000000e+00
0.000000000000000000e+00,0.000000000000000000e+00
0.000000000000000000e+00,0.000000000000000000e+00
0.000000000000000000e+00,0.000000000000000000e+00
0.000000000000000000e+00,0.000000000000000000e+00
0.000000000000000000e+00,0.000000000000000000e+00
0.000000000000000000e+00,0.000000000000000000e+00
2.000000000000018121e-06,1.313091644275384118e-06
2.000000000000018121e-06,1.193822100212592167e-06
2.000000000000018121e-06,1.115977438293840271e-06
2.000000000000018121e-06,1.077299355476109101e-06
2.000000000000018121e-06,1.088741244656154873e-06
2.000000000000018121e-06,1.130617125302909565e-06
2.000000000000018121e-06,1.183077491873849938e-06
2.000000000000018121e-06,1.218363898175380889e-06
2.000000000000018121e-06,1.223157090492204051e-06
2.000000000000018121e-06,1.172837468564253101e-06
2.000000000000018121e-06,1.078035901970274961e-06
2.000000000000018121e-06,9.456234044119059611e-07
2.000000000000018121e-06,7.900091722838076853e-07
2.000000000000018121e-06,6.325790976239449803e-07
2.000000000000018121e-06,5.016000221071790678e-07
2.000000000000018121e-06,4.125545750171743847e-07
2.000000000000018121e-06,3.661203248862688463e-07
2.000000000000018121e-06,3.802140587372662035e-07
2.000000000000018121e-06,4.420369000071297782e-07
2.000000000000018121e-06,5.236762882142522420e-07
2.000000000000018121e-06,5.992120109615958101e-07
2.000000000000018121e-06,6.444883664981725526e-07
2.000000000000018121e-06,6.361509964404505171e-07
2.000000000000018121e-06,5.863569004618118344e-07
2.000000000000018121e-06,4.949818627055964252e-07
2.000000000000018121e-06,3.807031100372447994e-07
2.000000000000018121e-06,2.612241975664787312e-07
2.000000000000018121e-06,1.620105572480277790e-07
2.000000000000018121e-06,9.989500346470691140e-08
2.000000000000018121e-06,8.954683614873145662e-08
2.000000000000018121e-06,1.258628634583996986e-07
2.000000000000018121e-06,2.190032526031909619e-07
2.000000000000018121e-06,3.407657585953300308e-07
2.000000000000018121e-06,4.587114571499324026e-07
2.000000000000018121e-06,5.558346631827753062e-07
2.000000000000018121e-06,6.079932036771252902e-07
2.000000000000018121e-06,6.007587315991268812e-07
2.000000000000018121e-06,5.695648224821372892e-07
2.000000000000018121e-06,5.252162908218291404e-07
2.000000000000018121e-06,4.926738386096286998e-07
2.000000000000018121e-06,4.671581402053114541e-07
2.000000000000018121e-06,4.468892260876949604e-07
2.000000000000018121e-06,4.330692800249287966e-07
2.000000000000018121e-06,4.264816032870224969e-07
2.000000000000018121e-06,4.276387772292734425e-07
2.000000000000018121e-06,4.371125371774916969e-07
2.000000000000018121e-06,4.555398257484007403e-07
2.000000000000018121e-06,4.975503578408235900e-07
2.000000000000018121e-06,4.997926023134877603e-07
-2.000000000000018121e-06,4.998246420214869915e-07
-2.000000000000018121e-06,4.975397349670491861e-07
-2.000000000000018121e-06,4.555291981659826763e-07
-2.000000000000018121e-06,4.370711894313272364e-07
-2.000000000000018121e-06,4.275768086936277460e-07
-2.000000000000018121e-06,4.263950594807363317e-07
-2.000000000000018121e-06,4.329747423575142251e-07
-2.000000000000018121e-06,4.468188288007521891e-07
-2.000000000000018121e-06,4.671587507887726720e-07
-2.000000000000018121e-06,4.928891312907370043e-07
-2.000000000000018121e-06,5.258286448431445850e-07
-2.000000000000018121e-06,5.708090793958745145e-07
-2.000000000000018121e-06,6.037716080885172416e-07
-2.000000000000018121e-06,6.048732569459502968e-07
-2.000000000000018121e-06,5.518700978914908601e-07
-2.000000000000018121e-06,4.612691608683865129e-07
-2.000000000000018121e-06,3.381268719594241636e-07
-2.000000000000018121e-06,2.156301200173531287e-07
-2.000000000000018121e-06,1.261464742044936280e-07
-2.000000000000018121e-06,8.219925412939256968e-08
-2.000000000000018121e-06,9.932415535693316214e-08
-2.000000000000018121e-06,1.649950537824961403e-07
-2.000000000000018121e-06,2.607198437725175341e-07
-2.000000000000018121e-06,3.808564673541808240e-07
-2.000000000000018121e-06,4.947548371754219824e-07
-2.000000000000018121e-06,5.844145520132768429e-07
-2.000000000000018121e-06,6.389369467282188038e-07
-2.000000000000018121e-06,6.455767444508078046e-07
-2.000000000000018121e-06,5.980766401831046014e-07
-2.000000000000018121e-06,5.225492467634884947e-07
-2.000000000000018121e-06,4.379418728406102973e-07
-2.000000000000018121e-06,3.817243763040340043e-07
-2.000000000000018121e-06,3.643660890050954065e-07
-2.000000000000018121e-06,4.123226317208829446e-07
-2.000000000000018121e-06,4.990720365429114936e-07
-2.000000000000018121e-06,6.333666657125160009e-07
-2.000000000000018121e-06,7.900050202965168588e-07
-2.000000000000018121e-06,9.450101688347071259e-07
-2.000000000000018121e-06,1.076357798777235094e-06
-2.000000000000018121e-06,1.172061899920263533e-06
-2.000000000000018121e-06,1.222961519960097491e-06
-2.000000000000018121e-06,1.218292658771060331e-06
-2.000000000000018121e-06,1.182995386024610049e-06
-2.000000000000018121e-06,1.128863061685681057e-06
-2.000000000000018121e-06,1.089239617398086763e-06
-2.000000000000018121e-06,1.077432905678272945e-06
-2.000000000000018121e-06,1.115486148643140994e-06
-2.000000000000018121e-06,1.195442910837831454e-06
-2.000000000000018121e-06,1.312067447712721764e-06
-1.620580401408476287e-06,1.497233108265399846e-06
-1.277181611636184768e-06,1.586395447912138936e-06
-9.691249402901526299e-07,1.711369507669525827e-06
-6.943310604399558790e-07,1.849736410775199675e-06
-4.487135814608757278e-07,1.971007268312212064e-06
-2.211063203841476966e-07,2.047132520687644717e-06
-2.649851482376688921e-10,2.075987909107178660e-06
2.208615747620164878e-07,2.049684496747803592e-06
4.496650532565287758e-07,1.970374724724706584e-06
6.945320177904208357e-07,1.851721620891929572e-06
9.686486257554229691e-07,1.712667307483119239e-06
1.276379148302228692e-06,1.586626222354487967e-06
1.620665241400556178e-06,1.497611506559893740e-06
5.416957515326537892e-07,6.370102966445184600e-07
2.646760252425629641e-07,6.600983811533405895e-07
1.032668277049616226e-09,6.674347996053905206e-07
-2.624711050622237602e-07,6.593782694020134171e-07
-5.387546635227325175e-07,6.344260245825281428e-07
1.722401906266041346e-06,4.605550709302059706e-07
1.479546310778763407e-06,5.076875168312933323e-07
1.153568563300306268e-06,5.300197381677840249e-07
-1.158002079509405182e-06,5.266325846382423975e-07
-1.479780247985797090e-06,5.116203803634837812e-07
-1.722342980019273242e-06,4.699242304253442188e-07
2.000938535554565919e-06,2.846482387024389823e-07
2.069748514121106095e-06,3.089745642129671437e-07
2.093943820808849240e-06,3.293429735635157677e-07
2.078214572573651569e-06,3.500785164181391765e-07
2.018926277282254441e-06,3.744773284267374198e-07
-2.019972971471614425e-06,3.759322489502191433e-07
-2.079011231588628287e-06,3.497913365301359384e-07
-2.094977891456443406e-06,3.283991969397903054e-07
-2.071289497878423872e-06,3.077862097206943745e-07
-2.004765325034493888e-06,2.843442630068096910e-07
1.104624670452387063e-06,1.072669518434647924e-07
1.433629443011832731e-06,1.382014258732279583e-07
1.681051203907413484e-06,1.889504550374044627e-07
-1.682488309988658583e-06,1.904093540935006930e-07
-1.426433431794681706e-06,1.405888181856053971e-07
-1.116062180985446200e-06,9.161933066126209222e-08
-4.995539280053083600e-07,-4.810874058534254241e-08
-2.417543917913185587e-07,-8.895381933840032532e-08
9.077756830647361508e-10,-1.016672209516566143e-07
2.438564241145595777e-07,-8.895004710082553209e-08
5.022542662595885504e-07,-5.046765500801539160e-08
5.135508188083399980e-07,6.591659871955251088e-07
2.506813001573576744e-07,6.871506070887507759e-07
2.349719524529317152e-09,6.965471141137713877e-07
-2.456643995466232497e-07,6.872155604230185998e-07
-5.073038448910933422e-07,6.587776239114795353e-07
1.664057187558852751e-06,5.261821496001479142e-07
1.429951323661585881e-06,5.368194467332634133e-07
1.113953643211128387e-06,5.475372868063164902e-07
-1.104784786950960152e-06,5.446994921577003929e-07
-1.426501094278942104e-06,5.370920005824173162e-07
-1.674545379476340614e-06,5.133315174139270038e-07
1.952686430029625471e-06,5.157278830890968777e-07
2.014708231743571534e-06,5.101731235693859444e-07
2.046420857277419982e-06,5.084517820769402203e-07
2.023558193009375655e-06,4.962935819314844870e-07
1.966083716149783715e-06,4.903370951399120345e-07
-1.967278702092798628e-06,4.883605031111703596e-07
-2.025369621028370454e-06,4.947042878583683552e-07
-2.041685642205571171e-06,5.036339394682126145e-07
-2.020984951198174312e-06,5.135098387920272018e-07
-1.958266904546191584e-06,5.222133874512154237e-07
1.087464110718834304e-06,4.889329023147724945e-07
1.410755340702263686e-06,4.900954340168102505e-07
1.659618929421691025e-06,5.051070875426266925e-07
-1.648488424780421337e-06,4.995022166741172436e-07
-1.402995075451855845e-06,5.033837406331625406e-07
-1.101570401201749334e-06,4.709892363593730430e-07
-4.999862816163501694e-07,3.697120309881553580e-07
-2.426523845224379951e-07,3.394447500680802727e-07
-7.472074833979807086e-10,3.291106852042521057e-07
2.410799924322937562e-07,3.392141860356155341e-07
4.978848183223682619e-07,3.695044634914247559e-07
-2.726542319642597578e-07,5.588228371019133018e-07
-9.441711100109669259e-08,-5.919227678643206128e-08
9.409675103554751987e-08,-5.909744299683880222e-08
-8.039584654388714316e-07,9.608339002118443372e-07
-7.295921580475371864e-07,5.276877122835138331e-07
8.828187057900668324e-07,5.377724508230018523e-07
9.155430963091571910e-07,1.457987875274728693e-07
8.965229199864657251e-07,4.982089963775372720e-07
9.228853289597161957e-07,9.650205983212165395e-07
-8.128375427054626087e-07,1.257495929389764414e-07
-7.076296053920494518e-07,5.032024024304864273e-07
-2.631445927692730034e-10,4.205368272498587946e-07
5.379952284956808104e-10,-9.070233161125526493e-09
-7.934324847570643792e-07,4.966719887097858413e-07
-2.746851599837722854e-09,1.012923211059618515e-06
-5.826375896473710263e-10,6.058375427299308620e-07
1.814485284021834110e-06,4.364071727745803827e-07
-1.808981641573433430e-06,4.085911527218209151e-07
-1.808321887554202221e-06,4.593272007404655403e-07
-1.791548659926423788e-06,5.231645581775620323e-07
-5.208033474108805649e-07,-2.287503424623835632e-08
1.813518746383274051e-06,5.613185485784617491e-07
1.566043974337587286e-06,5.386497814613194173e-07
-1.399980555632543474e-06,5.633646206263312738e-07
-1.495598056854383778e-06,1.102829892918995240e-06
-1.431621603902405075e-06,5.313197202370003075e-07
-1.068264728874321976e-06,1.531169137389073373e-06
-1.793288849731693682e-06,4.810483818935706179e-07
-1.621904820226961630e-06,1.065761277423509495e-07
-1.682485350552577607e-06,1.601313548275088445e-07
1.503863876778405649e-06,1.111484453655876356e-06
-1.722586861026080479e-06,7.837682385925899647e-07
1.710915128754421997e-06,5.918974068165454917e-07
-1.833190444593284894e-06,4.249654063746516568e-07
1.037621730508861262e-06,1.547697437898859653e-06
2.836746556575589792e-07,-4.756070241702592070e-08
1.799778139262189214e-06,4.023939637055342088e-07
1.769485578366671402e-06,5.738675710154024665e-07
-1.866900713498404576e-06,1.205033649295311353e-06
1.751167897919635289e-06,1.233695661063494621e-06
1.715712500138003232e-06,6.300044616169667146e-07
1.772348633277911804e-06,4.216125027928757235e-07
1.660046430627015993e-06,2.464116099272683625e-07
1.730983152713251192e-06,1.167553844254581566e-07
-5.482262120284211349e-07,1.697435487378251799e-06
-1.987293949040361101e-06,4.527150694894829229e-07
1.833282191138322144e-06,1.142582175665115793e-06
-1.978965470076356126e-06,2.070534843841173747e-07
-1.893096814859435642e-06,1.152228307016760282e-06
-1.950518964274790166e-06,5.583730575781460586e-07
1.917099272506742265e-06,4.738860122321578107e-07
-1.828732386463113058e-06,1.136871822221802493e-06
2.694731673082760437e-07,1.737225698991383148e-06
-2.011501842693563538e-06,1.173415171553123461e-06
2.011448188338655863e-06,1.172126021355015669e-06
1.987910182423215714e-06,5.524213717337170017e-07
2.053593990342004087e-06,2.673478973131876957e-07
-2.017737717421358754e-06,4.750029971741396747e-07
1.993677717421512843e-06,4.568149597939711653e-07
-1.686565026785135859e-06,1.244402280946916037e-06
-1.818014979379945966e-06,5.975900377117090261e-07
-1.783232960138820922e-06,5.786674775506418644e-07
-8.096315029101755213e-07,1.744439426831250451e-06
1.902768221052447476e-06,5.950558206027554881e-07
1.831897247490239434e-06,1.163970730497270929e-06
8.408316354095982872e-07,1.721413108864197916e-06
-1.874077397769034598e-06,8.384458218639947307e-08
-1.827510030951208087e-06,1.159961294356934709e-06
1.859732728209104152e-06,8.403053968018065362e-08
1.896166054049711144e-06,3.651917433747103553e-07
1.916881855973718320e-06,1.089955459208118370e-06
1.924891052519369400e-06,6.429425866286687228e-07
-1.938145513993874106e-06,3.766636732956970533e-07
-1.960926890792680608e-06,1.095181324371655110e-06
-1.190347579585699501e-08,1.971793731464626938e-06
-3.170709032629705499e-07,1.925338704359472965e-06
1.957276273116036837e-06,1.219758293560242586e-06
1.994602333680082144e-06,4.809436625010980344e-07
-1.954285988333168197e-06,1.220038868589358042e-06
-1.930883962657413678e-06,5.569133179696159165e-07
-2.008250770435187993e-06,4.497094754171017041e-07
-2.006935294847711975e-06,2.183938107763930885e-07
-2.050703578824025595e-06,2.623655340240321630e-07
-1.977256933051910894e-06,6.018077668114642433e-07
-1.632665366336069632e-06,3.206411518951816194e-07
-2.006506634170647815e-06,1.179542281962395713e-06
2.009654188829676657e-06,2.296722894932236419e-07
-2.012390425617582617e-06,5.170275857616077614e-07
1.976755031341567202e-06,1.097871353095007088e-06
2.006324599837038106e-06,1.133503683964985407e-06
2.005436383158336555e-06,5.388715180224271640e-07
1.956358816045211783e-06,3.839180171979536835e-07
5.207191626626968704e-07,-2.283210493315664903e-08
1.734653527024544865e-06,3.845460739588378366e-07
-2.843111793986114531e-07,-4.765416525359520652e-08
7.369859860555191796e-07,1.159846409958810846e-08
1.671278504531383096e-06,9.289810557244074712e-07
1.693695839305965691e-06,1.355117686769555000e-06
-1.680386626544088455e-06,2.674716492084685710e-07
-1.641701557078038548e-06,3.861231660147609414e-07
1.807653102794855923e-06,5.224309225727788292e-07
-1.731145075800515131e-06,9.265168010630301603e-07
-1.749805906863514298e-06,1.228631511756886234e-06
-1.374845104619734072e-06,1.452240463643801339e-06
1.739188721136421926e-06,4.823746405105882256e-07
1.755420724324912903e-06,1.471429618964218770e-07
1.740308018845999522e-06,5.078111531705127542e-07
1.739716733875869837e-06,1.237303264817754383e-06
-1.872231216567243136e-06,3.688732838372479081e-07
-1.844292001657420558e-06,6.343400314437159407e-07
1.394434567108745342e-06,1.448886742550809207e-06
-1.873627676252062357e-06,5.084966159754990298e-07
-1.824302163037132398e-06,5.816370456725969806e-07
-1.687414268162736011e-06,1.351592628517990345e-06
5.650240482186378183e-07,1.843775096569184656e-06
1.632805626423359915e-06,3.207039733819623795e-07
-1.812530030150777259e-06,4.197696235698876464e-07
1.809478051218661448e-06,4.874582434332313372e-07
2.501191451143463123e-07,5.600284559562876242e-07
-2.444521856525186405e-07,1.002127011881403160e-06
2.456634347869526954e-07,3.169061713251309272e-09
-2.455447566480931853e-07,5.972982623310307760e-07
2.390119367805592864e-07,4.302839185314227905e-07
4.749319186050299177e-07,9.917552228985477577e-07
-5.018909362696666602e-07,4.370196452337651464e-08
4.880023309565265775e-07,5.687549494802001435e-07
-4.791436225632032686e-07,4.600705307042427600e-07
-2.090710826344866120e-07,-5.330890592989481611e-08
-4.610411061826754859e-08,-6.042727882512445827e-08
-6.904557068186813857e-11,-6.079992874636368236e-08
1.470801623135261182e-07,-5.681668470181112409e-08
1.813759323517689427e-06,4.197425478908588553e-07
-1.779065516885683162e-06,3.972974520734892791e-07
-1.132083980720792263e-06,6.281359493495353000e-08
1.132111181185680144e-06,6.281404714564357736e-08
-2.016682855614681497e-06,1.165051268962360626e-06
-2.770268427180863347e-07,1.731430227464494991e-06
1.987925306556649466e-06,1.158154098059229964e-06
2.057612833957087375e-06,3.896041336960506001e-07
-2.078323194751973123e-06,3.260988518393542258e-07
-2.038604820964252955e-06,5.031122263317960252e-07
2.031688454626746154e-06,5.179457887938744530e-07
7.231713938076399930e-07,9.794785983342500831e-08
7.027868731234509172e-07,5.055908140314806191e-07
7.476751450803070876e-07,4.949858618271534891e-07
-1.021614709207131514e-06,9.765758611073926550e-07
-1.105086062813660762e-06,1.429549519220765521e-07
7.971614142843580329e-07,1.644362469193235318e-06
1.865245421512320112e-06,1.511510058741827020e-07
1.906545642678358462e-06,4.415867162822437371e-07
1.883034368995289717e-06,1.205621116676912405e-06
1.146311938887026072e-06,5.171516830411789955e-07
1.184458369283686282e-06,5.060944657368144242e-07
1.125308257369830506e-06,1.004043666808898723e-06
1.182817607233487545e-06,1.452529393192398100e-07
1.214500758535951388e-06,4.960705666415715099e-07
1.266507449329469440e-06,1.416612180194826310e-06
1.532126824240992959e-06,1.225299949842918611e-07
1.581186146396909192e-06,4.289409799847496842e-07
1.574180741927241904e-06,1.279008092715238727e-06
1.688758872384725038e-06,1.137079338312504014e-06
1.728689435864718537e-06,5.419447262545220570e-07
-1.811112011707122386e-07,-8.429459916679724092e-08
-2.329053972070523509e-07,5.147149881649273433e-07
9.439961156412022188e-07,4.737593782256852539e-07
1.801024686485543182e-07,-8.426331058099798178e-08
-2.245354552361475989e-07,9.218422548778192847e-07
2.325887051495355747e-07,8.828124342722064422e-08
2.242072386179535024e-07,5.131625267652049341e-07
1.626836020548048783e-06,4.069345623981253210e-07
-1.612735762034574568e-06,3.608397889184602900e-07
8.307520489239755825e-07,1.783063356560126772e-07
7.864145614386752800e-07,5.733053909908421442e-07
-9.863435736541679596e-07,9.553367588430560439e-07
-9.906192718395826721e-07,1.728474113633157455e-07
1.007555152900132431e-06,9.528978064594527976e-07
1.047439157096161083e-06,4.980842536509464012e-07
1.616818664421566676e-06,5.012431613457007600e-07
1.471277689361010800e-06,5.158466988185139730e-07
1.489973716902090380e-06,1.897479165297290839e-07
-1.376347661927353110e-06,3.423457102149897145e-07
-1.448873817898230589e-06,1.323555550676765593e-06
1.535232573537305219e-06,5.484342995533934370e-07
-1.471511344694204994e-06,9.013583183936534328e-07
1.480314876461133635e-06,1.332011534785496884e-06
9.848558463103931177e-07,1.567561784118345645e-06
1.630607506371799838e-06,6.235667010344865909e-07
1.648463873218967863e-06,1.205531521276724004e-06
1.551350778099242875e-06,4.087655567485521320e-07
1.601554928718277825e-06,9.814674506175134893e-08
-1.718636698326175741e-06,1.175877098368523892e-06
1.630531931219679682e-06,5.743700664054588978e-07
-3.957542143085734873e-07,-6.319080047954016147e-08
-1.660299771552461915e-06,6.255425158286522721e-07
1.635258257918622819e-06,1.165238498059333362e-06
-9.362064775354869457e-07,4.985073221991996582e-07
-1.004343102390416261e-06,4.780151096159071772e-07
1.838809893025292478e-06,5.940454142121516203e-07
-1.873527499968891821e-06,5.377328377357239830e-07
-5.153806441972797505e-07,1.774804358416877287e-06
-1.808797931599893254e-06,6.252628638770410329e-07
-5.251085478223636868e-07,9.578757841549166131e-07
-1.950498360464094205e-06,1.618177009476619144e-07
-1.852102948320931593e-06,3.742454796452026423e-07
-1.801271978060075399e-06,4.876492272456599406e-07
-5.392802706473684043e-07,5.337803434746128158e-07
-1.404211578900627586e-06,2.022784508555001775e-07
1.711335990342689131e-06,3.751796599067400704e-07
-8.145630398690734548e-07,1.640662886578999180e-06
-1.726885110001385240e-06,1.139777098904947145e-06
-1.747374388143938894e-06,6.502921086289715200e-07
-2.011924739042978257e-06,1.149237753874793169e-06
-2.007018129853903679e-06,4.511936092645993495e-07
1.935684579794512689e-06,6.110258006565410052e-07
-2.014337185990691458e-06,2.156276905348893591e-07
1.701452292019666287e-06,7.699445774286471152e-07
-1.851150320866251224e-06,1.561307878604288579e-07
1.909477765417014452e-06,3.873719590665821031e-07
1.849628942866863471e-06,1.121928845180567871e-06
-1.734807349778454592e-06,4.935051826694138136e-07
1.773077574198813648e-06,1.072071709092504941e-06
-1.965556825605251895e-06,1.192147870761412945e-06
-1.804103966903981939e-06,9.805947807549486038e-08
-1.964803507521601546e-06,1.185609190475867358e-06
-1.769496298931982809e-06,4.152557383005010039e-07
1.889245741243773821e-06,1.214848570234457241e-06
-1.951608608516064958e-06,4.481360542179884495e-07
1.822634643078604569e-06,6.387340329778786968e-07
-1.900221041645605146e-06,1.093026572911495960e-06
1.934942482369915002e-06,5.646241148059776613e-07
-1.948724547113622984e-06,1.198614141187851312e-07
2.003618109850037916e-06,4.466569387937711059e-07
1.974635795650926237e-06,6.068223856349429377e-07
-1.914469641807037254e-06,6.458198164822134378e-07
2.006780096440601345e-06,1.178944474090333547e-06
1.964793537918402645e-06,1.389310781664678948e-07
-2.001437059861499297e-06,4.402402839448034169e-07
2.025656808387253256e-06,3.443416964449791599e-07
-2.023946310954359933e-06,3.315734538595207831e-07
-2.007409920482159557e-06,1.133756890221255333e-06
-1.891260679940447325e-06,1.214173008888794509e-06
-1.861099848679400614e-06,6.021178048074161799e-07
-1.792260794540152544e-06,5.638719400074139494e-07
-1.766705396757730737e-06,1.058031442384060403e-06
-4.923621803916147409e-07,5.694602429953928818e-07
1.787623185226620887e-06,1.140979770871949113e-06
1.801946410442588121e-06,9.710511545545881590e-08
1.778229969885281516e-06,4.047038997732738208e-07
-1.350938830490189074e-06,1.276437865186016586e-07
-1.238051798925362646e-06,1.034454096328064897e-06
-1.981116443594647207e-06,1.158552495508996662e-06
-2.017138230364925200e-06,5.312565944795665364e-07
-1.997632791269008970e-06,5.630306174835547459e-07
-2.057121635668719795e-06,3.910569150454669701e-07
-5.668022475911455824e-07,1.862080053153169275e-06
-1.078255460653243578e-06,1.596238058118251995e-06
7.457739060922971781e-07,1.718675632126898524e-06
2.521154107571206477e-07,1.948650812716542390e-06
-1.364549739367298612e-06,1.355081557853002271e-06
1.952824125993414131e-06,1.127708106373419335e-06
1.110976537940808333e-06,1.579059735995530314e-06
-2.391936147833318282e-07,4.300099942000427142e-07
-2.460724082157096248e-07,3.103923722976629490e-09
2.435705035763697908e-07,5.967604352863296356e-07
2.355084593259381368e-07,1.009342544730458318e-06
-1.666324369113917277e-06,5.584607138453261013e-07
-1.020139362089218632e-08,5.671972446481981089e-07
-1.631144259965500535e-06,5.879056626448566798e-07
9.193240175927111089e-07,4.127749037769759317e-08
1.449661983590514014e-06,2.461896146096004922e-07
-1.218084391316595140e-06,1.290996361339566867e-07
-1.811996580156668545e-06,4.366387458308838121e-07
7.162594669065053056e-07,5.270414749941001940e-07
7.063492315938871835e-07,9.696200504077535006e-07
1.809590417115839032e-06,4.087303112035818255e-07
3.817235280335993544e-07,-3.834333690872738196e-08
-3.822642318100924426e-07,-3.839716078047902190e-08
2.084329685754054563e-07,-5.318688524247427014e-08
-1.475315981467772818e-07,-5.691745701615034691e-08
-8.879712461218976463e-08,-8.876572994638068580e-08
4.589974102960888459e-08,-6.036052713586309056e-08
1.779279889187586937e-06,3.974569651211822663e-07
-1.799291164067447328e-06,4.021810647371625174e-07
-1.734306354579585926e-06,3.843406070604513029e-07
-7.366602342918140027e-07,1.154055261066264122e-08
5.072356865923918170e-07,5.344864885872878943e-07
4.779107435197010001e-07,4.602085146495545997e-07
4.907568920729675842e-07,4.043581034209830807e-08
1.812523917101181316e-06,4.590103458231708773e-07
1.218153442125470280e-06,1.291338024350897163e-07
-4.161288551760333983e-09,1.746752242084100976e-06
2.017222251162238434e-06,1.164961305367434839e-06
2.077863138521156873e-06,3.300624767454040423e-07
2.034045639365281677e-06,4.966605934420600718e-07
1.926633048455391521e-06,1.149643086498447113e-06
5.413818802076357654e-07,1.702647468871039174e-06
1.995232009805850141e-06,4.415371596827397231e-07
1.981182325680989422e-06,2.044278241694216832e-07
1.980620252868534797e-06,4.662964233391823077e-07
1.964240576511199620e-06,1.184878941304245582e-06
1.860660976749654155e-06,6.053877454115857721e-07
1.756504490965039057e-06,1.184826966253601302e-06
1.864048112682196629e-06,5.292214054062280924e-07
1.769212712443502735e-06,9.860048026688831946e-08
1.735468384578361749e-06,3.826464053291449702e-07
1.795182586589923847e-06,1.167845456722496445e-06
1.365763744606286382e-06,5.199159629287655679e-07
-1.064668507836231161e-08,1.860923283478339107e-06
1.321817274223920755e-06,1.065327411444455131e-06
1.343843214077390866e-06,1.300879869607022761e-07
1.270341894730655352e-06,5.452401001777425280e-07
1.367982195427699724e-06,4.617863392688666428e-07
1.431089888656753880e-06,1.325597208189894300e-06
1.118518696977587003e-06,4.827087014776974245e-07
1.096211438993003163e-06,1.572212061162120021e-07
1.038881170735239003e-06,5.412796952466588983e-07
-1.657956612358423259e-06,1.188159904032358501e-06
-1.953689423118319377e-06,5.031272191833533605e-07
-2.192464507487475664e-08,4.732115269517755760e-07
-2.546239504109981421e-07,-8.064989884640484399e-08
-7.470793139736157077e-07,4.428137615015856115e-07
-1.616605411738959958e-06,4.333280415638612210e-07
1.167637773569406001e-06,1.279312435082290764e-07
-8.600192159319929514e-07,4.656940063548951676e-07
-1.589145469498945010e-06,4.965167408178263859e-07
1.088161727921328949e-06,4.585524159343006993e-07
-1.457181311708712540e-06,6.372426995273536113e-07
-1.412730046059459999e-06,4.601377773103824906e-07
1.194834461258358756e-06,9.997941935630534498e-07
-3.876223568518991476e-07,9.108910803852051463e-07
-1.402839861748511586e-06,5.390787046313761264e-07
1.026953452829510161e-06,1.936813053247561579e-07
1.414099744544403177e-06,8.464560535129016369e-07
9.220909601848842722e-07,5.855799831094665919e-07
1.350268179149824980e-06,5.292649717489561096e-07
-1.529919461681442805e-06,9.821012812351678462e-08
-2.199342997159508551e-07,5.127380185066780966e-07
-2.299727582908909528e-07,8.803181362223788112e-08
2.132474066224254529e-07,9.290629552432986813e-07
2.232527828806620585e-07,5.141471779939290124e-07
1.477858960957947954e-06,1.118350650676116185e-07
1.619829161697573289e-06,4.659116228402987990e-07
3.944391183802311382e-07,-6.320430300117119710e-08
6.989068841193818581e-07,-1.149264905371441703e-08
8.797934284832683610e-08,-8.873916250434545627e-08
-1.646040489021516769e-06,4.008084159320633238e-07
-1.665530038000339757e-06,1.175241398696245859e-06
-1.017729439694155119e-06,1.549832455485634972e-06
1.591603965138724324e-06,3.375077147506887483e-07
1.194959004047874026e-06,5.232979923814265090e-07
1.374937439412380243e-06,4.530070828804110821e-07
4.374452247167594148e-07,5.324010750783917988e-07
1.445638659981669178e-06,1.289887210149626155e-06
4.541040047541815552e-07,1.140821862588813814e-07
-8.346014963150225077e-07,9.213194945613722089e-07
1.572559698497982009e-06,1.066402507051114370e-06
-4.563978242360055394e-07,4.965682988503545066e-07
-1.871536607807058619e-06,1.143262232388625630e-06
-1.569043437909777813e-06,1.318587583310645334e-07
1.436119619037613787e-06,6.377464836202454909e-07
-1.715494877670275250e-06,5.928553205234181797e-07
-1.866107152372574977e-06,1.212011757306752326e-06
-1.319464853253718250e-06,1.366752921939380702e-06
2.620458568828559259e-07,1.844913075879824986e-06
-8.010665871326551730e-07,1.779871119638020207e-07
1.453822561359702021e-06,3.753288724762275963e-07
1.373997313365668771e-06,2.477508676894723254e-07
-1.845603111417197944e-06,1.188281784405801186e-07
-1.930992321009101168e-06,6.018817098146894631e-07
1.604982980364875509e-06,4.426584759014054693e-07
1.573128335106385433e-06,1.198716950721459072e-07
1.973832625116301998e-06,1.189691310493921053e-06
2.026859965454970577e-06,4.269084256233455815e-07
2.009311888308033170e-06,4.568939353416880524e-07
-1.452301556621633649e-06,7.773794033782961326e-07
-1.141368754693683074e-06,1.506881699508921244e-06
1.960300880762867002e-06,1.624645084854580951e-07
9.885217244348563064e-07,1.584001665806512162e-06
2.029609570559949555e-06,2.431174100575603332e-07
2.012008960501837654e-06,1.147117921285607539e-06
2.002038619697705346e-06,5.590244632564693761e-07
-2.013008867403084044e-06,1.172574449596306499e-06
1.626954631171112207e-06,5.392929553523049638e-07
2.206825652364946364e-09,5.053371134974823621e-07
1.904313238235430991e-09,7.828559038480831072e-08
1.854444009606123924e-06,6.404060742479214096e-07
1.490629085537822422e-06,4.648214199713522524e-07
1.231924546095485292e-06,1.454939640452151317e-06
-6.222484386313702807e-09,9.307348272666751518e-07
-4.440965747049778154e-09,5.213230974677802153e-07
-1.548790795545523588e-06,5.323233994054478179e-07
-2.724360297654810563e-07,4.667290012448579818e-07
1.723132512000911254e-06,3.805245887444087536e-07
1.624370860133255040e-06,4.344201118803316394e-07
-1.662815935669672382e-06,4.140107162586324473e-07
-1.554218400412054976e-06,5.566258932875499043e-07
-1.777377585128263260e-06,3.741996528186391958e-07
-1.413943990068882243e-06,2.726866631958124779e-07
1.712633555553563330e-06,8.685341802286661839e-08
1.831118717222548966e-06,5.771230528951708114e-07
1.607586115292109053e-06,6.167547810207847517e-07
-9.191462629749081494e-07,4.117657594039683514e-08
2.803388917673510043e-07,-7.615355491840974520e-08
-1.622235792065335392e-06,4.065892070834218118e-07
-3.767567139686099461e-10,-9.018314018032141555e-08
1.624165491496784949e-06,3.830773130401192989e-07
4.543769667248087684e-07,4.525566199903702860e-07
-6.996238148657025383e-07,-1.144316551447064150e-08
-2.815787693773479821e-07,-7.616466219755181234e-08
-5.312119350488949585e-07,-4.304409799345265003e-08
-1.621497142250780479e-06,3.828228699986623409e-07
-6.693274832829950316e-07,1.764222493156024893e-06
-1.544632540794209098e-06,3.045501988412859752e-07
-1.590607218760602546e-06,3.371772694236829672e-07
6.288924560851928573e-07,9.149669454288064878e-07
1.545045880764435606e-06,3.047673042843001596e-07
6.397040436055315116e-07,4.736313057127758518e-07
1.708439572353917047e-06,1.162927993192065697e-06
1.544383134654569065e-06,1.251793828792093415e-06
-1.408592581246617700e-06,5.779649714259562477e-07
-1.449085516064147077e-06,2.458989600745237431e-07
-1.800367892040473508e-06,1.128758480621932084e-06
1.768171476163636115e-06,1.196731282373673337e-06
-2.052455633670359805e-06,3.263365355640688062e-07
6.271292723926230488e-07,5.547099085178974432e-07
6.646441687598240030e-07,4.326221709455719451e-07
6.545077408599073815e-07,1.469542647894852757e-07
-1.963617639202014673e-06,1.136221337960681500e-06
-1.130054815875661689e-06,1.642183653046785410e-07
1.854498375282753069e-06,1.209397128937853700e-06
1.766301963007558030e-06,6.366886710558427271e-07
-1.624332070460079212e-06,6.198658269339956006e-07
1.941037662996099481e-06,5.205749400510625162e-07
-2.027745305595185486e-06,4.253781562259827746e-07
-2.750129889957652741e-07,1.831637084584403201e-06
-1.804468253455675959e-06,5.725076376277207520e-07
5.215735548944603394e-07,1.782422892457734809e-06
-1.223674980576465965e-06,5.312808189459331290e-07
8.114397331155086154e-07,4.589216293056791715e-07
8.205088533320949915e-07,9.218548834960903004e-07
-1.941418895606417348e-06,4.067718843386241190e-07
-1.271850257389476684e-06,5.052741316686178720e-07
-1.471147061030465572e-06,4.270432747779182971e-07
-1.879198000115577106e-06,1.116740478729857499e-06
-1.634704044735356787e-06,1.021577778889393256e-07
-1.503093959665215482e-06,1.031218006258425158e-06
-2.025875141449249211e-06,5.087865378662535837e-07
-1.785206285101753121e-06,1.197308300372519154e-06
1.517505963151351878e-06,5.512487720051814149e-07
-1.841325994601596374e-06,3.857172692455267755e-07
7.593736775462209491e-07,1.688991463901123517e-06
-1.133025913841340753e-06,9.863480663994480988e-07
1.451471085182125879e-06,5.914452037713785402e-07
1.835872322878499420e-06,1.177038771386969807e-06
1.237294848976226800e-06,1.460732314933860026e-07
-1.870595536435179311e-06,1.197266063331477012e-06
1.250413413833452022e-06,4.891414666803449849e-07
1.964904073204422379e-06,4.903796478586674388e-07
1.209472389123337024e-06,1.432261876457824925e-06
-1.933504867283200988e-06,1.420627622389136663e-07
-1.958860005552313839e-06,1.566217349806748137e-07
-1.841039819899276621e-06,6.406149192343195616e-07
-1.515954272183242771e-06,1.253653692681336261e-06
1.854656560195487555e-06,1.118367308216238754e-07
1.829453064160917213e-06,3.713093165877943990e-07
2.013628059292864089e-06,1.171477325863898157e-06
-7.486984337553481497e-07,1.694308472679659500e-06
1.878352283156803908e-06,1.163034525700552478e-06
-1.408130829528738757e-06,1.094843808588547474e-06
1.234453884935158149e-07,-8.945477716726235304e-08
-3.219037499840824922e-08,3.905005226914247863e-07
-1.429617376573645199e-06,3.619376670605376345e-07
1.436159326691736187e-06,3.644390923733781993e-07
-4.289717439841712133e-07,4.360579022017408162e-07
-4.442773349995186994e-07,8.580180855242981920e-07
4.101596287697235506e-07,5.912134560820548886e-07
4.256151141858669606e-07,1.741479273401355349e-07
-2.121077106830396819e-07,1.598410814863190013e-07
-2.007803221094718933e-07,5.822482092391878940e-07
1.937322089394705700e-07,8.616442991072559792e-07
2.050528398204065739e-07,4.439917657369290311e-07
-1.167577348000963121e-06,6.819155766945944926e-07
-9.033481029779778845e-07,9.020421167051548183e-07
9.308715606698448955e-07,9.002088033000565886e-07
7.568434796799937753e-07,4.204448593210449376e-07
-1.308749904141483128e-06,3.972331419808231011e-07
-1.391336724984883263e-06,4.808041977235188098e-07
-9.754942795208574134e-07,2.060653006266163551e-07
-1.409445091226065886e-06,2.955656136698500794e-07
-9.259237713544901075e-07,4.903523341338508625e-08
1.431483144265772920e-06,4.330531058262302056e-07
1.261649175537303382e-06,4.434095159682579855e-07
-9.495875630961772782e-07,4.486336481068395075e-07
-1.007045705769254721e-06,4.728774954360363109e-07
9.253432456427575236e-07,4.887361565046672061e-08
3.909585182054354789e-07,-6.541634837704647268e-08
1.664110086319504889e-06,5.746212617717232625e-07
1.265193440231140151e-06,2.003712113256741485e-07
1.112663705865502188e-06,5.917132960858774290e-07
6.069380648621779746e-07,3.807628413012058278e-07
-1.543507045725389655e-06,4.879541739285001744e-07
-4.530979368955201088e-07,1.148798849948134056e-07
-1.216210494992245789e-06,4.888121585800857897e-07
1.126758154742996536e-06,4.799774368569489011e-07
1.385124443975017642e-06,9.054596594013361119e-07
-1.201365931160173322e-06,4.945854445357757889e-07
-1.183130959734100286e-06,2.286213722251253885e-07
-1.241688706644350259e-06,8.781805727511734377e-07
-1.605449261413913647e-06,4.632850078607689708e-07
1.551511309531416121e-06,5.699261172449738051e-07
-1.452558937743902544e-06,4.264554691572798272e-07
-1.637233618361407940e-06,5.775439446051654770e-07
-1.331827498556328604e-06,1.310484191660689698e-07
-1.201272135862377662e-06,2.814786013752962220e-07
-1.152553208631604594e-06,5.137095215165007546e-07
1.429862227828907870e-06,4.695154153656244476e-07
-5.191976632543170200e-07,4.529794488194960978e-07
-1.303332464524265222e-06,2.021129902967347474e-07
-2.201949806213693686e-07,4.447716175917059504e-07
1.762494855747868190e-06,6.025991758801401113e-07
5.299795334271834761e-07,-4.310191963489978098e-08
-3.930738428929300354e-07,-6.511876044112872902e-08
4.303689840951749633e-09,5.781341487823517261e-07
2.939956247107741371e-09,1.539794320317666842e-07
-1.255946245546856598e-07,-8.933965069357146737e-08
1.614093384522872025e-06,3.610751575182790351e-07
-7.214289237845992931e-07,-4.644140951034478221e-09
-8.988357080221736439e-07,1.649398765308219731e-06
-2.128782180666921504e-07,8.583458242566533112e-07
2.229018801511318614e-07,4.679378158196996258e-07
1.375121429788688355e-06,2.556814743376772255e-07
1.303868295590116840e-06,2.022894411771635094e-07
4.263614696386924315e-07,9.217870683129719003e-07
4.420100644704225569e-07,4.953341665927351279e-07
-1.167284905125354748e-06,1.278038710133500658e-07
-1.667726390818015451e-06,1.145075493982209019e-06
-4.329903546784655839e-07,5.315324680866730184e-07
-1.737060716508226195e-06,8.227351164217452075e-08
2.051869903512130925e-06,3.378374470283289274e-07
2.021712428842499451e-06,5.014615647592534413e-07
7.178224072848880980e-07,5.988296463519495572e-07
-1.410370840240960305e-06,1.067816086096924794e-06
7.616806410679224316e-07,2.004901821862967332e-07
1.336946716905423921e-06,1.359980714713942712e-06
1.791317698505849919e-06,6.436115313519948900e-07
1.278664362654419174e-06,5.003643449089182830e-07
1.110439710879544020e-06,9.323399738609125390e-07
1.497387738544518350e-06,1.114993828044328592e-06
1.375959907751861782e-06,5.664854504507492689e-07
1.904090269915228915e-06,1.189644179275940751e-06
1.196928373325997609e-06,5.185275296770479483e-07
1.307578528848672823e-06,1.494772570533501732e-07
-6.677919935552104592e-07,4.751545953037405178e-07
-6.437452972120960610e-07,8.921216823315876544e-07
-1.738479000399968970e-06,1.010929038706366680e-07
1.665313588503529661e-06,1.146723121380695656e-06
1.211012313518283594e-06,1.435320388449821183e-06
-9.256742668098740551e-07,5.376447465691632061e-07
1.564274887190894184e-06,4.175838356630382263e-07
-1.442025960504013044e-06,5.744342897988728079e-07
-1.713852940586890476e-06,3.847335974814104905e-07
7.565201302820515381e-07,8.763336803544416461e-07
1.575708766780060848e-06,1.225684192671722128e-06
-6.136638667931237988e-07,1.416448353041877748e-07
-5.075795169132870579e-07,1.819056675599206718e-06
8.801153068769303398e-07,4.232731903239253924e-07
-1.556154551267447913e-06,5.707897476648832499e-07
1.432668360661206687e-06,7.491910495038966122e-07
-1.167024676356107420e-06,1.467892112863983276e-06
-1.500000260174763148e-06,4.817928818811801244e-07
-1.918627840411142509e-06,6.204623409177250498e-07
1.738688747895013044e-06,6.378017275495617242e-07
9.645965904228724771e-07,4.602741041185889432e-07
-1.874788112800964839e-06,1.110013691426651548e-07
1.987637463033556360e-06,4.304255835642244107e-07
-1.554681507580817436e-07,-6.810132139548101506e-08
-7.404034928798370516e-07,3.968968783845449290e-07
-4.129464497839303012e-07,3.820292703329084453e-07
-3.936961223514375693e-07,7.989290124594526775e-07
-3.980094234421042674e-07,5.917096539440179627e-07
1.244864041619836303e-06,3.952205390606553521e-07
-2.031684989224391717e-07,2.213511531917469052e-07
7.753865771996451703e-07,6.230088316030322552e-07
-1.899274787915656208e-07,6.417169876990849126e-07
7.648685016667229870e-07,3.756852285395614154e-07
-9.839979335061299689e-07,5.731234032655018907e-07
8.850210699602052110e-07,8.483505802739200617e-07
-1.398436787729071922e-06,4.571738824135844930e-07
1.222291568379827618e-06,3.713019669673415176e-07
1.082329714361834475e-06,4.321197140508172675e-07
8.365192431989427169e-07,2.357075176111571979e-07
7.201966122622983591e-07,-4.915208486660197191e-09
2.016961478945875331e-07,3.882134477684395828e-07
1.412117702501268854e-06,2.964433577451253291e-07
3.900175794940553660e-07,8.616191682173768263e-07
4.116644567666267956e-07,4.338348083563158293e-07
-1.382759524337114927e-06,5.148344210198976061e-07
-5.837050243554233154e-07,8.358697539623611256e-07
1.440089463640169910e-06,5.070138134159856092e-07
-1.025843926129494060e-06,4.503668612514190962e-07
1.205994592916757149e-06,7.403744784956789125e-07
-1.423751160354400596e-06,3.932007915627379962e-07
1.228984651921181068e-06,2.503990865633329584e-07
8.988609314034602478e-07,4.200117465548009103e-07
1.234189675745207624e-06,8.879878254730172883e-07
-1.279969254654116204e-06,5.070145300151300796e-07
-1.425480579645184267e-06,3.297857518019936999e-07
-1.221946989631740032e-06,3.241991785109713423e-07
-9.852654605574393470e-07,2.442340285219251957e-07
-1.196899386780352211e-06,7.771083186562675104e-07
1.435264046389906062e-06,3.981633931441138542e-07
4.194946614531557709e-07,3.842017527193986497e-07
1.478139004197219671e-06,5.449464973017562992e-07
5.447188092804727168e-07,-4.116594160175703824e-08
-8.285673811558348348e-07,4.293628437730230904e-07
-1.069555722112310212e-06,1.152012844312793039e-07
-1.385905517623419363e-06,5.331949347796058190e-07
-6.102021330425742115e-07,1.940066263206847594e-07
-4.175657225363794241e-07,1.749665871994701098e-07
-1.162334034022511040e-06,1.868146175162594172e-07
-1.209378276809065953e-06,9.696422562924933645e-07
-1.069321247297190419e-09,-9.217726203809026723e-08
2.524937116642993216e-07,-8.087149120087906908e-08
-5.464307224935421981e-07,-4.086865013986552246e-08
2.103071804377136421e-07,5.820004573944204290e-07
2.176740907606008878e-07,1.594445323602619646e-07
-4.791722888524473507e-07,-3.295250426609156695e-08
1.429692472464314298e-06,3.313357612181137133e-07
-1.373252298835141044e-06,2.550478779434536448e-07
1.156477946406345955e-06,1.757533972016714869e-07
1.069973963609079602e-06,1.153032082146657936e-07
-8.422105797980286220e-09,8.611139260815521339e-07
5.780894693550541256e-07,8.646345140123393611e-07
5.995824829023362875e-07,4.250023046071103890e-07
-6.985671974077714027e-09,4.482483986245530394e-07
-2.735043628552638855e-07,3.867378621517704181e-07
-6.330806350246701281e-07,4.277460504831973235e-07
1.315940443782030192e-06,5.125683784329225982e-07
-7.144211956610398724e-07,8.569930425930941338e-07
-1.393452112051295057e-06,1.465294932990426954e-07
1.382214293330010332e-06,4.702839251856331966e-07
1.181482568051775220e-06,6.657648408398835473e-07
-7.950296966881468793e-07,2.085065163090154798e-07
-1.466613596251590011e-06,4.519791097982158960e-07
-1.302324032597652835e-06,9.551438317485848906e-07
1.630867787863115202e-06,9.555137098869145064e-08
1.112038646300077842e-06,2.148461016389061915e-07
5.909699967472588611e-07,5.979277094912398900e-07
1.867226072497831138e-06,6.034000283372907553e-07
6.185856496868009175e-07,1.913167139919180483e-07
1.300224640598435212e-06,9.647983085762746968e-07
1.386032026802951945e-06,1.042731799112135974e-06
-1.211752414964569519e-06,5.008638114457698888e-07
-1.565667136444797227e-06,1.131648964374960150e-06
-6.259778617722396939e-07,5.525274294571317994e-07
-1.085369461629077276e-06,4.652438867367342395e-07
-1.610705328971997989e-06,3.995360979764161905e-07
-1.225608554605456050e-06,1.420811748025220264e-06
1.060940367022889455e-06,4.262651253735594920e-07
1.052206571967103757e-06,8.662049029942592990e-07
9.609034598206611414e-07,4.098326198536446570e-07
4.292789432974113405e-07,3.168134681123949951e-07
5.563679490509091912e-07,8.153377785346059898e-07
6.146907890433342690e-07,3.767207807660864801e-07
1.855384465206517570e-07,8.032221487700506474e-07
1.961291434092799258e-07,3.833171896318706318e-07
-1.233333449725954045e-06,3.090745142037904796e-07
5.974055927020092054e-07,6.419401897826381545e-07
6.067632846705071150e-07,2.348979128117371523e-07
4.765108264261418541e-07,-3.344465382395877511e-08
-3.796401495324553278e-07,6.465196883871008611e-07
-6.154040740510957007e-07,3.812104562939634958e-07
-6.019631190397114026e-07,2.407653971660311993e-07
-9.472901569109473976e-07,4.220431496029857356e-07
-5.711107053387714623e-07,8.011642500241489823e-07
-8.541650648745408912e-07,4.920356981895543956e-08
-1.205829710369595361e-06,4.126107009381004091e-07
-1.074608345905604366e-06,3.517018402954065093e-07
-2.032393994905154587e-07,8.003298590140714260e-07
-9.996902201918642164e-07,8.649972262985893568e-07
9.113505410390546991e-07,3.783131556793524131e-07
-3.576243465832293909e-08,3.181406644220986350e-07
1.247150607718295347e-06,4.330776085512434464e-07
-8.227834451439522594e-07,3.877988586242262294e-07
1.244593731029336706e-06,3.559587244494381660e-07
1.241828969710958867e-06,3.156677672183172033e-07
1.205172791602281504e-06,2.277004949002934520e-07
-9.641451931931596637e-07,7.735791528075542936e-07
-1.224863979266145169e-06,2.694952965905558249e-07
-7.941862745239947279e-07,2.477311726401355399e-07
1.056736715851670949e-06,7.424389623664018522e-07
-4.051561827616594677e-07,2.298898311282244282e-07
8.540738304824922483e-07,4.915283093976762530e-08
-6.582932041439126210e-07,9.509182898192317674e-10
1.512438913724881939e-07,-6.841777584554401092e-08
-1.218121280271440115e-06,4.544948979636827427e-07
-3.131301957733169054e-07,-5.534260190834029516e-08
-2.188636952261791239e-09,-7.237802673612688982e-08
1.446475896752209627e-09,2.179608426160041927e-07
4.254439667853194604e-09,6.396416312588986009e-07
5.800396079903290596e-07,3.456138494568306188e-07
1.211110523461427433e-06,8.153992431857329007e-07
4.010453025179285783e-07,6.451807957832049743e-07
4.076842370888394351e-07,2.272506825341272363e-07
-5.824922268318303981e-07,6.003423289156280199e-07
-2.109526091269588907e-07,3.846493140333179811e-07
-5.147177228609644566e-07,3.862185492196646053e-07
-1.154086151893922514e-06,1.747770395983963119e-07
1.049157801101200925e-06,2.502637697577150495e-07
-1.006423339558174248e-06,2.903016697252722438e-07
1.518586478418154362e-06,9.882837291651630406e-07
-1.270370681633988486e-06,5.172607112591284478e-07
-1.411549801014827606e-06,4.249611591251269202e-07
1.209174251302019003e-06,3.054945912169260333e-07
-1.273394308271124294e-06,4.498835146313004758e-07
-7.636873474885163420e-07,5.640776290893003356e-07
1.256551222957484824e-06,4.686542382656893792e-07
7.275084001341128445e-07,8.305864329801213603e-07
7.354724548385760798e-07,3.957384603741264531e-07
-1.277154106282190287e-06,5.033393039348447128e-07
-1.482853551470702757e-06,5.526204172228695738e-07
-1.522954352144820902e-06,1.132094118211777828e-07
1.708777667516096050e-07,-3.187314074534672322e-08
5.907598660769364469e-07,2.934549820864280561e-07
-1.034110446199245618e-06,2.552208169665562051e-07
-7.704098028118540255e-07,3.587595403474484052e-07
-7.359827598649104836e-07,5.196671318746535428e-08
1.042238142950145475e-06,2.661255581876532623e-07
7.432074213748161664e-07,3.639934793348178166e-07
6.446396135278695097e-07,7.025134792474885509e-07
-6.011665224419652340e-07,2.873048394486655328e-07
-2.020001231379175359e-07,2.767221129980566889e-07
-5.645192983132996695e-07,6.505992068474529109e-07
-2.675299791101115740e-07,3.156961585161483549e-07
-3.786043658384106487e-07,7.486149264485216868e-07
-1.133982709051807421e-06,5.656873717137912476e-07
-9.469143268352376655e-07,6.992818686886180914e-07
-1.217691867452543700e-06,3.792095697117711994e-07
1.002088232777153775e-06,2.997747710291820708e-07
-7.619017020727293125e-07,5.993635548506343886e-07
7.461160158807660447e-07,7.867593585218937249e-07
5.950086497674303279e-07,2.811800650692137138e-07
-4.048968548548446050e-07,3.311417863935056259e-07
-8.044022167960839898e-07,2.924003079899432870e-07
-1.125305175476736483e-06,4.605413866588884720e-07
-9.401547222166597924e-07,1.060965777045175772e-07
-7.525658302441037078e-07,8.169111606975756777e-07
-1.879227608936601101e-07,6.953917958666551354e-07
1.047531446079910215e-06,3.128254840644701715e-07
3.094340480916510349e-07,-5.581995071563855297e-08
6.571037737723181325e-07,6.881513122509768127e-10
9.418431802035590270e-07,1.071359293109452071e-07
-3.574946299710503930e-07,-1.551136114664863229e-08
-4.410740671475750905e-09,-3.686420935826674856e-08
2.060362229590041027e-07,2.201726556996653757e-07
2.014504114532279833e-07,6.413425758530036506e-07
-6.979431740338496840e-09,3.856043662041702185e-07
1.230171510149292609e-06,2.734018232258224729e-07
-7.222585534205550964e-09,8.017559722856301512e-07
-1.200845526735610401e-06,2.253761807007760168e-07
1.054149690181016486e-06,3.575117086486180519e-07
1.870016172132685061e-07,3.183913214271066312e-07
3.758134568967698399e-07,8.068020585286005449e-07
3.993586671530018171e-07,3.788468388219382716e-07
8.717819961385497907e-07,6.597052819724096032e-07
7.957948168040975958e-07,2.891977137771916772e-07
-1.228614559527791056e-06,3.449600372329754213e-07
9.948187235962013290e-07,7.931609136457543804e-07
-7.540233555643772244e-07,7.626882965089347916e-07
-1.341207252424107082e-06,5.573142125947283400e-07
1.071346160721145178e-06,3.991499220533388350e-07
6.828399542458050807e-07,3.340674854483574175e-07
1.413577780964984591e-06,2.945901402399867458e-07
-1.043014571694448887e-06,4.109730093201643090e-07
8.682445955458567146e-07,8.101670376185116701e-07
8.221972218394068132e-07,3.847617519788315497e-07
-2.137678803786200749e-08,2.542670752047807405e-07
1.797745673744851486e-07,1.427663708587179271e-08
1.025679017409616442e-06,2.162235955656379127e-07
-1.021147246300568712e-06,2.099485531862347941e-07
6.933983727066835310e-07,2.874920405886320775e-07
3.961961237821964190e-07,6.991531407718197754e-07
3.967006749502231680e-07,2.774385849978399903e-07
1.882116535462960732e-07,7.492885753562073450e-07
-1.909708272178811892e-09,2.747247386858461732e-07
-7.477531238902088190e-07,7.037728218641506599e-07
-8.185055016125449258e-07,3.407149085184059759e-07
9.949993237263847326e-07,1.632595639056805792e-07
7.352245566417012536e-07,5.255745685454025171e-08
5.751989606667826965e-07,7.651126375088783202e-07
8.344965882158923125e-07,7.449548581897813354e-07
5.862455955445286899e-07,3.276152887416202511e-07
7.660226664982765636e-07,3.347341163229078941e-07
-2.051887595224751189e-07,3.298497052675945371e-07
5.382912730260332368e-07,1.185746893895789949e-08
8.295470437332107051e-07,2.201496196645148605e-07
-5.386895662060268700e-07,3.182829438714733918e-07
-6.073241864358605551e-07,3.342042389052381753e-07
-1.032823307442010841e-06,2.957999801994846454e-07
-1.004746774154112501e-06,3.667035652970075861e-07
-1.794125779084769496e-07,-3.149952348805377435e-08
3.505214246088523866e-07,-1.595993345261271426e-08
-5.423191598699383277e-07,1.183662175399370219e-08
-4.023804537824745141e-07,2.811358768833992055e-07
-3.746013261513455426e-07,6.982213264694519245e-07
3.522272924083269976e-07,2.584558099273806831e-07
-9.920162549966381055e-07,1.601810757737618751e-07
-5.628058487717591096e-07,7.529171598225977532e-07
1.949388376157404238e-07,3.282786676125549118e-07
1.641667054117038660e-09,6.945493435701119708e-07
8.455245009187063692e-07,2.739985663028373384e-07
-7.518608885140276110e-07,6.482916493941838185e-07
-1.925512413907222585e-07,7.470988454287804182e-07
9.690187702694416728e-07,3.623050870717267354e-07
-9.777703495321682438e-07,3.966779210716013939e-07
-1.141413666850248720e-06,6.082105145632628046e-07
8.339566659832658191e-07,3.236759275446269841e-07
-9.452250429404758903e-07,6.351979939780329410e-07
-1.663042008209075603e-06,5.337621957975416109e-07
9.794372736373053613e-07,7.050153357833459838e-07
-1.986187073547828031e-07,1.474231940708071881e-08
-8.323759514941867313e-07,2.065254460058160008e-07
-6.740580531157363785e-07,3.011203722947700185e-07
8.109017313481161098e-07,1.639276192108158116e-07
-2.379865813786811810e-07,2.495600707066807080e-07
-7.865711218997678140e-07,1.052846626562641315e-07
7.841042797637415482e-07,1.079505158638427521e-07
-1.011199827869231805e-08,8.502369485139193359e-09
5.760124491604126057e-07,6.410156327299460635e-08
3.735190387912142999e-07,3.263834293392099869e-08
-5.858763144413543776e-07,6.267267350674902775e-08
5.051938122667525360e-07,2.498275191506325882e-07
5.686216663429407446e-07,1.818946149940318140e-07
-8.123496185118879857e-07,3.266323384768944962e-07
-1.022352970019287172e-06,3.327804407353219547e-07
-5.600201416711331521e-07,7.017942188951097838e-07
3.947809158833089621e-07,3.273945805222627933e-07
1.778300262408408086e-07,2.600028332110611339e-07
1.986426216504240691e-07,2.749438430099956403e-07
1.951250414573360756e-07,6.959659591015629131e-07
3.841980903342405965e-07,7.534160414244285341e-07
6.595454469623669624e-07,2.502796317254654816e-07
-2.733526192912417691e-09,7.473643023834013422e-07
-4.840645111474270937e-09,3.290229477141558321e-07
-1.784703725209597773e-06,5.659467547466696409e-07
2.603791329030989853e-08,2.001622572057241546e-07
1.719413506964755573e-07,6.445019189781872939e-08
-6.532409051407093172e-07,2.659475865461759506e-07
5.872642194237281101e-07,1.194071873523339640e-07
-8.365579354431254401e-07,2.520371258461156890e-07
-2.062062260496972622e-08,5.861532825284794184e-08
-4.575687884478449386e-07,2.525233517901118238e-07
-3.901570526616993798e-07,3.260408312362866269e-08
-8.165164932838106104e-07,1.572734596908342275e-07
3.163764079891037396e-07,2.254732168874005914e-07
-8.336517188572835701e-07,2.928750578074769077e-07
4.052044745119741150e-07,2.073627749426001040e-07
2.602017210745126512e-07,1.753255283766612575e-07
3.709889388144360235e-07,8.472858578163511557e-08
-4.115120556312615744e-07,8.466303930700462112e-08
-6.286452120878271557e-07,1.672188141876084245e-07
-1.770235605241223118e-07,1.773858894841290317e-07
-2.132619571896718762e-07,6.570138431092523170e-08
-6.126179263444062266e-07,1.150656863126928586e-07
3.315697664990821311e-07,1.340788236567928534e-07
-6.385890013466999344e-07,2.179436246204613170e-07
1.979227562408251583e-07,2.142320566660946132e-07
1.434731506261123470e-07,1.128233949123198021e-07
-3.168835027922481935e-08,1.451348650449791392e-07
-4.290539427184986619e-07,1.940766634518150700e-07
-3.141856684483860146e-08,1.080994655727353298e-07
-2.160848517572112255e-07,1.183228488511394007e-07
-4.196923171936365050e-07,1.380159194107661732e-07
9.323878299220979725e-08,1.556770911426013956e-07
