Size 905,2
4.123542338288049695e-07,-1.814997044805727343e-07
-4.098505373858463473e-07,-1.797194208575177438e-07
-9.170466390177873280e-07,-1.865859868016307930e-07
-9.479806557449194093e-07,-7.415240783195813834e-08
-4.563839926687802531e-07,1.083325484854410766e-07
4.371688192093504336e-07,1.070192345979509072e-07
9.510134790842740188e-07,-8.910426224587824510e-08
9.181570764709434284e-07,-2.022059665227724164e-07
0.000000000000000000e+00,0.000000000000000000e+00
0.000000000000000000e+00,0.000000000000000000e+00
9.999999999999999547e-07,3.419442499456991677e-07
-9.999999999999999547e-07,2.984010031568620950e-07
9.999999999999999547e-07,-2.835902381916565337e-07
-9.999999999999999547e-07,-1.856391141552344863e-07
4.352473951035517463e-07,-2.140008668269445438e-08
-5.373543832181954176e-07,-1.192721194961794555e-08
3.876336831766196609e-07,8.823662816680036019e-09
-3.797280560533112630e-07,5.933457055913292713e-09
9.951950832402973927e-07,-6.272481240957910943e-08
-9.879074833325919717e-07,-7.942693132000793735e-08
9.721217559994357862e-07,-2.609946673651691370e-07
-9.715448006821143862e-07,-2.739599405631063322e-07
4.133306150240751283e-07,-4.760880630046035031e-07
-4.133453934162585620e-07,-4.826353641359395803e-07
4.236059234824432853e-07,-1.806117475927084577e-07
-4.171802628469043884e-07,-1.839597340024255603e-07
9.441450506242654370e-07,-3.029499374057480313e-07
-9.452286002637781876e-07,-3.050844248376594526e-07
9.354367961529877442e-07,-3.959269381153127715e-07
-9.358023333444125906e-07,-3.908524608816538433e-07
4.113516552668529214e-07,-5.057563620188216897e-07
-4.010665810597663431e-07,-5.021548673198443058e-07
2.567412464376926568e-07,-1.611826876229612577e-07
1.249227511329941879e-07,-1.490645296051457523e-07
1.842189399625826597e-10,-1.442149725003999890e-07
-1.242338186358220533e-07,-1.468644165917779913e-07
-2.550117555609861809e-07,-1.581443688677937791e-07
-5.576396414020392954e-07,-1.909824138525093578e-07
-7.106918146156275520e-07,-1.906785957959289842e-07
-8.334437923410415852e-07,-1.890693325633147853e-07
-9.766684420617851073e-07,-1.778415398276286472e-07
-1.007099834067420320e-06,-1.636354091982804575e-07
-1.018949978324132326e-06,-1.473027948809776067e-07
-1.016195699916915782e-06,-1.281368454731204681e-07
-9.940429469801461523e-07,-1.037951385427738769e-07
-8.723976766588803973e-07,-3.787393545684974928e-08
-7.530283691446460430e-07,1.427057437222611477e-08
-6.012724760684453098e-07,6.748702472533063974e-08
-2.986125320731753599e-07,1.346266601684099386e-07
-1.554583298913123792e-07,1.516436660622692671e-07
-1.539546312550280573e-08,1.580669721286734495e-07
1.257078519978422586e-07,1.533435489274358835e-07
2.722914210474317586e-07,1.365061104304156035e-07
5.903300512109565656e-07,6.945150085146667990e-08
7.422616227462341057e-07,6.090051805746918608e-09
8.750018708166193763e-07,-4.945280124032471308e-08
1.000493165710300522e-06,-1.234777694710555607e-07
1.021131581809660534e-06,-1.493244413389190639e-07
1.023329322586749749e-06,-1.688463522687670300e-07
1.009659218597727776e-06,-1.843043807300625239e-07
9.783774853304148330e-07,-1.966892335472603838e-07
8.293764277003851687e-07,-1.986837061963594953e-07
7.132191117169357618e-07,-2.040131651807934964e-07
5.540312060269266737e-07,-2.076592756422947724e-07
0.000000000000000000e+00,0.000000000000000000e+00
0.000000000000000000e+00,0.000000000000000000e+00
0.000000000000000000e+00,0.000000000000000000e+00
0.000000000000000000e+00,0.000000000000000000e+00
0.000000000000000000e+00,0.000000000000000000e+00
0.000000000000000000e+00,0.000000000000000000e+00
0.000000000000000000e+00,0.000000000000000000e+00
0.000000000000000000e+00,0.000000000000000000e+00
0.000000000000000000e+00,0.000000000000000000e+00
0.000000000000000000e+00,0.000000000000000000e+00
0.000000000000000000e+00,0.000000000000000000e+00
2.240657361289750712e-07,3.238584279636930491e-07
-2.681555466922279122e-07,1.609545427844592160e-07
9.999999999999999547e-07,-2.869543365660704951e-07
9.999999999999999547e-07,-2.804206798549930390e-07
9.999999999999999547e-07,-2.665636197819031793e-07
9.999999999999999547e-07,-2.384953018356048044e-07
9.999999999999999547e-07,-2.014445650194356725e-07
9.999999999999999547e-07,-1.625494934716147865e-07
9.999999999999999547e-07,-1.345475466970313159e-07
9.999999999999999547e-07,-1.248320551803136508e-07
9.999999999999999547e-07,-1.407439858691494322e-07
9.999999999999999547e-07,-1.797426585572635322e-07
9.999999999999999547e-07,-2.350207948416585673e-07
9.999999999999999547e-07,-3.014901082871467133e-07
9.999999999999999547e-07,-3.686652138256079151e-07
9.999999999999999547e-07,-4.238199187640400896e-07
9.999999999999999547e-07,-4.581159624248206846e-07
9.999999999999999547e-07,-4.734156675222647577e-07
9.999999999999999547e-07,-4.563280604837979697e-07
9.999999999999999547e-07,-4.148145630174941706e-07
9.999999999999999547e-07,-3.576200102762558570e-07
9.999999999999999547e-07,-2.985297115938986573e-07
9.999999999999999547e-07,-2.502764823620573896e-07
9.999999999999999547e-07,-2.284498987693532081e-07
9.999999999999999547e-07,-2.258609396792849579e-07
9.999999999999999547e-07,-2.463563675738008116e-07
9.999999999999999547e-07,-2.775871538657399695e-07
9.999999999999999547e-07,-3.133932112992755109e-07
9.999999999999999547e-07,-3.439336161338344064e-07
9.999999999999999547e-07,-3.591347188761137875e-07
9.999999999999999547e-07,-3.581030055364776929e-07
9.999999999999999547e-07,-3.263650974179527698e-07
9.999999999999999547e-07,-2.632895223237751515e-07
9.999999999999999547e-07,-1.740087719209325449e-07
9.999999999999999547e-07,-6.891101325766674257e-08
9.999999999999999547e-07,3.667072301123442197e-08
9.999999999999999547e-07,1.324305364464034238e-07
9.999999999999999547e-07,2.104448259779239989e-07
9.999999999999999547e-07,2.857940301669422275e-07
-9.999999999999999547e-07,2.330619360553137980e-07
-9.999999999999999547e-07,1.722647779088754309e-07
-9.999999999999999547e-07,1.032848779180505770e-07
-9.999999999999999547e-07,1.325827202202301977e-08
-9.999999999999999547e-07,-8.789177848175025926e-08
-9.999999999999999547e-07,-1.903926825491902367e-07
-9.999999999999999547e-07,-2.794172448648343554e-07
-9.999999999999999547e-07,-3.389318402624136483e-07
-9.999999999999999547e-07,-3.687908565868525802e-07
-9.999999999999999547e-07,-3.711768984197625192e-07
-9.999999999999999547e-07,-3.526850709587395733e-07
-9.999999999999999547e-07,-3.209529825044746019e-07
-9.999999999999999547e-07,-2.833885589725085521e-07
-9.999999999999999547e-07,-2.504616060017982342e-07
-9.999999999999999547e-07,-2.300398977585146798e-07
-9.999999999999999547e-07,-2.279558434505494171e-07
-9.999999999999999547e-07,-2.530403537026241047e-07
-9.999999999999999547e-07,-2.974902267523185419e-07
-9.999999999999999547e-07,-3.566940553567538581e-07
-9.999999999999999547e-07,-4.120629979078308192e-07
-9.999999999999999547e-07,-4.543333688932170556e-07
-9.999999999999999547e-07,-4.679216532225065932e-07
-9.999999999999999547e-07,-4.533687375539321383e-07
-9.999999999999999547e-07,-4.157592026368531322e-07
-9.999999999999999547e-07,-3.576816107462055608e-07
-9.999999999999999547e-07,-2.889629573654252015e-07
-9.999999999999999547e-07,-2.215882235786686900e-07
-9.999999999999999547e-07,-1.643348173525732490e-07
-9.999999999999999547e-07,-1.254787044926928005e-07
-9.999999999999999547e-07,-1.059174405846193371e-07
-9.999999999999999547e-07,-1.131108652821709867e-07
-9.999999999999999547e-07,-1.398538786340065271e-07
-9.999999999999999547e-07,-1.742975108556531877e-07
-9.999999999999999547e-07,-2.075977330246836135e-07
-9.999999999999999547e-07,-2.315655474452110735e-07
-9.999999999999999547e-07,-2.404918816015838680e-07
-9.999999999999999547e-07,-2.449559169260003462e-07
5.335751087927381153e-07,-2.539765701629131823e-07
-6.935789408947198041e-07,-1.320213497518327010e-07
-4.605092742961081062e-07,8.419824891702702212e-08
-3.655920430717985156e-07,1.659002906561034257e-07
-2.689592179872686347e-07,2.435227168241788916e-07
-1.802380412760576647e-07,3.101209098533752542e-07
-9.845766644926438264e-08,3.530650066779755080e-07
-2.109153163997804345e-08,3.685689169182414283e-07
5.612411172523332760e-08,3.549955889532521748e-07
1.338683334697565663e-07,3.115324604408174535e-07
2.160744940036187614e-07,2.440058169966251487e-07
3.027517459873960589e-07,1.621334285011417799e-07
3.829465720077487935e-07,7.650729211530790392e-08
2.324104958781138123e-07,3.049109506718085521e-08
1.106597985047411841e-07,4.296268607330979976e-08
3.479026205566821048e-10,4.783295637150897635e-08
-1.090673125269549593e-07,4.472564064223837741e-08
-2.279371652448539063e-07,3.174051900786022918e-08
8.801262091992782052e-07,-3.490909412703853940e-08
7.315932196270523288e-07,-2.291454477719735776e-08
5.429174692440101521e-07,-2.253128935690999269e-08
-5.396058164658514075e-07,-2.066647283982604300e-08
-7.156054587865152770e-07,-3.339502035888257441e-08
-8.751648189502809333e-07,-5.362652083936262739e-08
1.049243913428325077e-06,-2.099952138166778544e-07
1.091833387622171489e-06,-1.745635157445223083e-07
1.109276224407771460e-06,-1.441630865770394875e-07
1.103315326693453799e-06,-1.170641912585395752e-07
1.069690180564386586e-06,-9.233566648841055938e-08
-1.064488786726940525e-06,-1.092406315400602035e-07
-1.098474435773090845e-06,-1.339453130844348877e-07
-1.105078147914608648e-06,-1.605836077930108611e-07
-1.089021255650787053e-06,-1.906063193109997655e-07
-1.047022974271462628e-06,-2.262513472396921330e-07
5.712716932011032570e-07,-4.265216794265034687e-07
7.371004063196044766e-07,-3.733481665359758294e-07
8.683060026835463510e-07,-3.181165188553236669e-07
-8.721852993605460562e-07,-3.262952997050317884e-07
-7.340942389165050530e-07,-3.808628366846098280e-07
-5.703616991083221224e-07,-4.326350777608112109e-07
-2.576597613458768238e-07,-5.334445942580912893e-07
-1.233358458947530434e-07,-5.586719270203457989e-07
3.588746148024557818e-10,-5.661271622246752011e-07
1.234246152152543535e-07,-5.569795426593240221e-07
2.544761028133604573e-07,-5.287072416124745140e-07
2.640235349324339979e-07,-1.487082479414860742e-07
1.301626648195348674e-07,-1.315694329990362758e-07
3.447449578315461894e-09,-1.264052059641411303e-07
-1.234294541759707164e-07,-1.328297168034170844e-07
-2.575826325024643643e-07,-1.510758759227361915e-07
8.500491848748538731e-07,-2.711956340937212155e-07
7.332221767391788682e-07,-2.439233730042008430e-07
5.715763120962226277e-07,-2.239523336883388988e-07
-5.642502240273593813e-07,-2.291169130805331413e-07
-7.262121868606073694e-07,-2.461781731135988060e-07
-8.534379005865269087e-07,-2.748059468785424887e-07
1.001942065472045860e-06,-3.757820197917240903e-07
1.037130192777392894e-06,-3.641504892248102887e-07
1.049554854919115878e-06,-3.540013995327563667e-07
1.040872913297470303e-06,-3.431632403919428548e-07
1.008289785798942703e-06,-3.290214024354103723e-07
-1.009150792858340646e-06,-3.289167814887022030e-07
-1.039082703478544785e-06,-3.422508423494961383e-07
-1.048094722314505332e-06,-3.527952477465084531e-07
-1.037119464643120856e-06,-3.621819217145844814e-07
-1.003382311843033570e-06,-3.722217997765696477e-07
5.650200351346377210e-07,-4.696466457605236519e-07
7.102032861599692151e-07,-4.423491080693297334e-07
8.389001097838994519e-07,-4.231467635447648306e-07
-8.421101093741959551e-07,-4.148052720153626845e-07
-7.102499024285874075e-07,-4.409683413936843715e-07
-5.488030977273066950e-07,-4.549629742227514876e-07
-2.451933099293968163e-07,-5.372759809594824273e-07
-1.161703354333504450e-07,-5.573031991067210739e-07
4.858491669171402877e-09,-5.645795624067994742e-07
1.258187131739777494e-07,-5.587896624445461123e-07
2.546833023663234477e-07,-5.399857523074882088e-07
-4.009144999963290913e-07,-2.279830158411888026e-07
-3.747874891439603763e-07,-2.271879794958235330e-07
4.408044758404805753e-07,-4.247951960411221619e-07
4.710405879407164586e-07,-4.458847038154879911e-07
4.677956132688018439e-07,-2.463862042858116993e-07
4.428103954292736336e-07,-2.368179722487796657e-07
-4.282115718906083211e-07,-4.294221485129503941e-07
-4.340479950195602986e-07,-4.403836695072117975e-07
1.224888536911631903e-07,-1.975675112567040936e-07
-6.851502580648063588e-08,-5.142154841285229937e-07
2.485404073016027748e-09,-1.769376844026896915e-07
-1.106540481628573123e-07,-5.109005922560534863e-07
-8.108055325293907059e-07,-1.495261204914551568e-07
-8.246677430964932561e-07,-3.591991804703021039e-07
-8.299320240005500462e-07,4.440401564633855050e-09
-8.421515830757815815e-07,-9.053113150958992742e-08
-6.868360128565080834e-07,-4.469747149235609301e-07
-7.062139760313516464e-07,-2.422355247237573006e-07
7.797001774354843417e-07,-9.486390972929241199e-08
-3.995518141172761223e-07,1.513714620718748693e-07
-3.498685720720458732e-07,-3.665315866767908887e-08
-8.617873758550712866e-07,-2.883156096166227109e-07
-8.693059265153872405e-07,-3.510834481876266438e-07
4.659435048879701097e-07,1.061878332957324619e-07
3.845575422065578527e-07,-4.979408248709899063e-08
8.709490917425862525e-07,-3.408563367629961016e-07
7.798656088122404444e-07,-3.544688834577475053e-07
8.647949913966772846e-07,-1.810881464026036407e-07
8.460965443368336591e-07,-1.516102247548218545e-07
8.832782639006562781e-07,-2.515385877966592071e-07
8.641321866410200139e-07,-3.713842949824788028e-07
-4.470378132507966279e-07,1.162774443280869613e-07
-3.449489791077508798e-07,-2.044777345847860817e-08
8.570980771125854267e-07,-4.449064367528153751e-07
-9.937483788416799708e-07,-4.095576274885807178e-07
-9.957522832897880527e-07,-2.936821363528697826e-07
9.452475831658361249e-07,-3.050076080234297863e-07
9.772360014923859500e-07,-6.530634895241552670e-09
9.707789637025633371e-07,-1.522422859083089477e-07
-9.993167628169289044e-07,-1.493167170182015919e-07
-1.038288532215710265e-06,-5.389209616761857694e-08
-9.703901531593840937e-07,-1.453071785948807705e-07
-1.016875632637179126e-06,-2.781976621789463299e-07
9.254449117702454212e-07,-2.596942509168852956e-07
1.026275288063435947e-07,2.121965216325049792e-07
-5.187595266476418602e-09,3.319854439386112661e-09
9.750423006596778420e-07,-1.611003842228237131e-07
1.025971320462270711e-06,-1.666364650197385709e-07
1.091494051948995987e-06,-1.424487797822069743e-07
1.023481938324061616e-06,-3.907344008177953073e-07
-5.395890362951648565e-07,6.940767664726555814e-08
-9.417941094212561075e-07,-4.684996197364248843e-07
-9.083195298076052134e-07,-2.305657365583386516e-07
-1.006480684863899534e-06,-1.348599358163926756e-07
-1.030554824095675497e-06,-9.980259894200770228e-08
2.849203258225697894e-07,2.067206691531796408e-07
8.794224985005735538e-08,-4.150172775828911908e-08
1.887287556709340630e-07,-3.869796908923995046e-08
8.589370786662681511e-07,-2.058574710361694479e-07
9.265955016416863635e-07,1.763035536087251060e-07
-1.466923688838740224e-07,3.031498862900897475e-07
-8.817476347720181324e-08,-4.150202049560472444e-08
-8.965796985274734246e-07,-1.285269132308736516e-07
-9.615047745533901100e-07,-3.402312872423398650e-07
-9.683316321032694961e-07,-2.178552075629483115e-07
-9.379805152379951892e-07,1.456707889384028212e-07
9.516452920179695885e-07,-4.720870584702794249e-07
9.541823319078199196e-07,-1.274626897953892076e-07
-2.747601255459413584e-07,1.891682756288574120e-07
9.740076277896419578e-07,-3.219875375740306805e-07
1.020427343381724063e-06,2.083538715480819356e-08
9.743087275533356368e-07,-2.531607516347119063e-07
9.415979326914385305e-08,3.177155903346609234e-07
9.802956212475676734e-07,-2.547109484523671373e-07
-1.021753611616792316e-06,-1.455619085524542381e-07
-1.087338946989985410e-06,-1.501378344196725297e-07
-8.009042845475093990e-07,-1.030451816946587895e-07
-1.012183882354626439e-06,-1.685223351666705699e-07
-9.999052849391726127e-07,-4.181695232294426521e-07
-1.029124399563399640e-06,-3.818692424732572335e-07
-9.546785642610207219e-07,-1.079852773830099381e-07
-9.765725340026143634e-07,9.069941636133562350e-08
-1.023943892693871423e-06,-1.910928415264464962e-07
-9.715811667574907814e-07,-2.477715708040739561e-07
1.009978824724098520e-06,-1.643832333440311088e-07
1.001195069320315725e-06,-4.136505604500414375e-07
1.022251958932224709e-06,-1.890287606878166350e-07
1.286374023087689912e-07,-5.112504560108982850e-07
5.444691850512759461e-07,5.073610439889461905e-09
-7.282911389356845975e-07,1.079128659659433581e-07
-8.514452054981798747e-07,-4.266139451473888118e-07
-8.553973803343797243e-07,-3.212158090990722073e-07
8.758362226874365277e-07,-2.811344651112678633e-07
-8.363489784067413500e-07,-2.825049313095367973e-07
-8.661629258869781122e-07,-2.266724190827952647e-07
8.237688196075992073e-07,-2.496358832898621376e-07
8.719302402670775055e-07,-4.219411527398850016e-07
8.612489812126424553e-07,1.935728557393884127e-07
2.708001513993725222e-07,-2.921674940996701587e-08
7.173259934123773038e-07,-1.160954091282906139e-07
8.668858087931059489e-07,-3.629753561096920112e-07
9.179129814030952562e-07,-2.235044160178286814e-07
-9.025322050792071897e-07,-3.738890907076061387e-07
-2.358187250909622699e-07,-4.361123823346838838e-08
-4.712680721648046643e-07,-4.566060113595700317e-08
-4.725854249641462991e-08,-3.666713872713812458e-08
-1.003159382315753156e-06,-2.980603846124500579e-07
1.000302149990526513e-06,-2.296366914577914742e-07
1.011416138639255613e-06,-3.603716431598390028e-07
1.866929502718203308e-09,-4.185080671363672580e-08
-9.399391904524011023e-07,-2.655252186823893170e-07
-9.283552869509384613e-07,-4.350268853035085030e-07
-2.427669766832808171e-07,2.639626318041925660e-07
5.318019796008541928e-08,-5.151361924404254180e-07
-1.250814405107857370e-07,-1.833237829762417991e-07
2.551547904411326579e-07,-1.971491564745306450e-07
-3.040022009840717167e-07,-4.587353558857876447e-07
1.926737930082543928e-09,-1.930340867781242238e-07
-1.202280911041532049e-07,-1.955851300595076470e-07
5.775257441550218298e-07,7.855652414367191574e-08
-1.147533092784083125e-07,9.608565510123028740e-10
2.174393466745652636e-07,-1.716251313839847994e-08
1.029953404826970596e-06,-3.229479863485482509e-07
-1.039939066651334065e-06,-3.517739396560089927e-07
-1.491018143612817015e-07,2.102937576970036217e-07
3.543919073590003776e-07,-2.262804271458431643e-07
3.089774848842483291e-07,-4.694321525649307549e-07
3.655264468507845523e-07,-4.679423620390644566e-07
-9.394090571271539255e-07,-2.148398964373733801e-07
-5.575963051389235746e-07,-2.049369574204119988e-07
-5.657449854112629375e-07,-3.877003805822400845e-07
3.501549120921583753e-07,1.610580026631559573e-07
9.167393621745713766e-07,-4.381154748906551455e-07
1.070130438020636279e-06,-2.018543099607690752e-07
1.027074619900742907e-06,-1.662767335245888503e-07
1.048174828793789659e-06,-4.159277585279151235e-08
5.946991542307357981e-07,-2.489156219824095433e-07
5.577619064413646937e-07,-4.399268495839355678e-07
5.735981241112205863e-07,-2.184035423114669396e-07
5.782895735140278849e-07,-3.781633250462837701e-07
5.438698249489919003e-07,-3.333055951394874603e-08
5.834169438469996423e-07,3.024802746792599343e-08
7.436604361357483820e-07,-4.585039124260291828e-07
7.266540660964595736e-07,-1.722185177404607011e-07
-6.289519207704840457e-07,-1.924741969736565806e-08
-3.581123591592154094e-07,-1.569512220892052930e-08
8.757235008357207692e-07,-3.287049477995660917e-07
8.978605693995409087e-07,-1.339634482271990424e-07
9.012893461308920568e-07,6.655748814767994130e-09
8.655323295905491208e-07,-2.497483195230170235e-07
-1.094504052875071533e-07,-2.394112294787564245e-07
-1.199851929601138115e-07,-2.293252653120253174e-07
4.325348861297174429e-07,-3.967267498159339661e-07
3.955442295876266669e-07,-2.592972061163169220e-07
4.238411402329990388e-07,-4.281349305169054554e-07
8.876974516155460221e-08,-4.648280062627338246e-07
-5.183488962868799989e-07,-3.795333219787708046e-07
-4.811271317314336920e-07,-2.335071768682674322e-07
5.473558785025637873e-07,-2.551438883917797527e-07
-7.043994788988573811e-07,-2.993141348162560174e-07
7.555478914415770014e-07,-4.164890876687775264e-07
7.550360427406454557e-07,-2.069404839681649889e-07
-7.143734292405467244e-07,-2.336559652856118237e-07
7.451426330571138794e-07,-3.552954765796240757e-07
7.685351499883179938e-07,-2.606773595924944421e-07
5.015411676599548430e-07,6.419248940112485034e-08
-4.534568844529589796e-07,1.161028981463036911e-07
-3.976307156706128132e-07,-5.137214777619710611e-08
8.099665150447728417e-07,-3.603013966450380343e-07
7.745010662130424537e-07,-1.567423132169471462e-07
8.495921858646945483e-07,-1.657326451001370839e-07
8.179411093897448235e-07,-4.651385472840330351e-07
4.532248633168013763e-07,-4.079760159915297814e-08
8.327989403066615675e-07,-2.287276324147759641e-07
8.573937898276497200e-07,4.883521231008613090e-08
-3.487094992492669066e-07,1.825842579477827996e-07
-9.196712889056502636e-07,-1.112770476505310009e-07
-9.541850779914909014e-07,6.521190531005994542e-08
-8.957286256651140164e-07,-3.605978287438056728e-07
-9.241740942873474813e-07,-1.874355632359254778e-07
1.022298765854421201e-06,6.086412706890082708e-09
-3.447343879448478581e-07,-4.647406486313142351e-07
-5.693736960906730598e-07,-4.319256915981328087e-07
-4.714727441034240732e-07,-2.519269862565419064e-07
-9.557787453810181835e-07,-2.572552183529798907e-07
-6.961311332275788611e-07,-5.704133403875789333e-08
-1.068727857866065774e-07,-3.153909995187606877e-08
-9.290087332882478945e-07,-4.533572630225967765e-07
-2.476744524563806604e-07,-2.068043256778284723e-07
-9.841888366225708970e-07,-4.295709255398159186e-07
-2.463677249652601691e-07,2.288120266503248310e-07
-2.536972914686270350e-07,-2.008804522970077698e-07
9.475502351586120446e-07,-2.240815576068729170e-07
1.019906042514118156e-06,-1.655959466165780582e-07
1.039058673311070142e-06,-2.226515359544840610e-07
-1.015342722364958345e-06,-3.967888904775962368e-07
-9.323924304240115911e-07,-3.260732303670920337e-07
-9.080244804611962043e-07,-1.439322990842448852e-07
-2.306746340468264315e-07,-1.456309743067837601e-08
-9.392850968618052950e-07,-1.243934826869835794e-07
-9.601170770479297120e-07,-1.547326113891031909e-08
8.504868790484438214e-07,-3.146465968134096190e-07
-8.711238188435607612e-07,-3.461211302378411354e-07
8.735432022446629197e-07,-3.124839546800440539e-07
-7.251906931732891468e-07,-3.531438686420964490e-07
4.194812282655871831e-07,1.026577895826851552e-07
-9.047225838181611580e-07,-4.565198207713861783e-07
-8.832101808615640588e-07,-2.502037765782697535e-07
9.229901797005979402e-07,-1.408106188586103988e-07
4.566723105867703622e-07,-2.725510560789688696e-09
8.937288058278309247e-07,-2.295626256663423621e-07
-8.877757960758687106e-07,-3.706561213012710072e-07
9.764361858071283305e-07,1.186292439262212413e-07
-6.888906730688043037e-07,-1.724836294514025208e-07
-7.026428644393893519e-07,-3.775878367876930681e-07
1.004856054692155030e-06,-3.028648943580324807e-07
1.001545784959199086e-06,-2.669578987406429633e-07
9.400881992532492731e-07,-2.535150104584119684e-07
9.809708300202799493e-07,-4.533799680463911379e-07
9.865436995682570562e-07,-1.320996094948283457e-07
-8.820179292241302227e-07,-1.723680613687519107e-07
1.033830013217804657e-06,-9.266708373725536157e-08
-1.006899324862930835e-06,-2.712553069167340983e-07
-9.992724351471761758e-07,-1.979105338805192611e-07
9.352360818702020251e-07,-3.550878043316884804e-07
8.846351657137704676e-07,-4.656136084535932474e-07
1.349067254830379685e-07,-4.441276044168629482e-08
-9.716919839513477889e-07,-4.563601191238222406e-07
-1.012840366872717276e-06,-3.545962583442433918e-07
-9.844969234227622071e-07,-1.127658400438610938e-07
-1.014339143868010543e-06,3.762048575498002652e-09
1.013656305467001162e-06,-1.972896867751105733e-07
-9.345152141008524372e-07,-2.272173421274218253e-07
-1.005923069927547994e-06,-1.460035973945222800e-07
-1.076776949082046716e-06,-9.946149791596083169e-08
-1.021761889343520811e-06,-1.452665611248957711e-07
-1.027153665481819065e-06,-3.209766735416820244e-07
-1.072586410494861581e-06,-2.054827111434261020e-07
-7.076071666391149043e-07,-2.874736215086177138e-08
-6.257472887853652535e-07,-1.505150168242591892e-08
-1.019753309047295033e-06,-1.588800289603118245e-07
1.002607583548905325e-06,-4.188882290778104537e-07
-1.060592065423487644e-06,-1.254606498446122180e-07
5.161597868094823246e-08,-3.743344557713641505e-08
-4.011880369211078087e-07,-3.700516134661868134e-08
-1.376019606059159702e-07,-4.620120185549384601e-08
1.857214135121332609e-07,2.755854743323536408e-07
-3.384909236770055045e-07,1.987342881859503048e-07
-1.609050594267690002e-07,-5.026250315307825249e-07
-5.465738876677315323e-09,3.250250532624586586e-07
1.287645754041568958e-07,-1.810450910836683562e-07
-8.388547501437650983e-07,-2.357911627284914032e-07
-8.278784966526111151e-07,-4.517682142860027471e-07
9.762046075032433994e-07,-2.650009814664131493e-07
-8.671155544872710725e-07,-1.669581715867748382e-07
3.732915973790701128e-07,-2.232660178323495957e-07
1.142147730097565269e-07,-2.409310363478716935e-07
2.491000346600316221e-07,-4.937080229817357663e-07
8.304830137530644158e-07,9.988685046092238645e-08
1.776199793216661896e-07,-5.012863056645695046e-07
-5.595155847833221915e-07,3.745936293384655943e-08
1.084357018212006721e-06,-8.785078637188448341e-08
-2.360615257122560133e-08,2.182895505770239503e-07
1.057695766082354706e-07,-3.506856996899079693e-09
1.008064875191609961e-06,-1.644576304633174770e-07
1.040290679410542875e-06,-3.579566601889042998e-07
-8.858053053312640287e-07,1.699662387062165962e-07
2.422900136422871657e-07,-2.092238342678002937e-07
1.020549919802133994e-06,-2.590872223292740598e-07
1.010178758284781270e-06,-1.622315283978226571e-07
9.106411771173036754e-07,-2.369258763728686021e-07
8.701177705540603007e-09,-5.170579682768653051e-07
9.911300954563745051e-07,-2.880281380307247315e-07
2.284737670390356855e-07,1.934235308204564294e-07
3.163835294844510922e-07,-3.834258645459681404e-08
9.216370275526079490e-07,-1.859081090216510070e-07
9.814931367389406673e-07,-4.182923476191242397e-07
9.227378818136604370e-07,-1.547035103781856024e-07
9.121185963874469852e-07,-3.352927901798116375e-07
3.929326515809128175e-07,1.406673277486378082e-07
8.888742037566900982e-07,-4.626353082586228149e-07
6.593433053562094866e-07,-6.184406908693143467e-08
-4.962910460066886370e-07,-4.290624241792697690e-07
6.984611558440777318e-07,8.011188792626034273e-08
6.580561470656040289e-07,-2.440907033081551056e-07
7.007432374833587720e-07,-3.681848393095199566e-07
6.913137943589769168e-07,-4.473728020969114895e-07
6.417996943526733823e-07,-1.976409822570278369e-07
-2.314000930737499815e-07,-4.923364973214799981e-07
5.092974758646216793e-07,-4.233366092585192320e-07
6.235521971439563966e-07,-1.239019077532843996e-08
6.540104957225268995e-07,-2.502362661394425312e-08
5.239995139145649922e-07,-3.726546772071319186e-07
-3.803787866392253372e-07,-2.890174299338640360e-08
-6.113057990891360764e-07,3.602075899095986354e-08
5.213810751593354299e-07,-2.320417066193681462e-07
-1.006674389924919308e-06,-2.954589274527437678e-07
-1.544496563786151838e-07,-5.366915636382324854e-08
-1.397410426916796143e-07,2.600047067642988686e-07
-4.052562445371854870e-07,-4.215246833553595167e-07
2.299105948658179504e-07,-4.555952008391000422e-07
4.690616257273235390e-07,-2.580829746993687214e-07
4.938246840747960880e-07,-3.692998473298096214e-07
-4.289758020918198396e-07,-2.611814614703566207e-07
-7.408630202826232114e-07,-3.441096574947958864e-07
-6.392888540321748387e-07,-4.358049993420038462e-07
4.782677619738097298e-07,-4.047256892438613983e-07
-2.199109269167492770e-07,-2.454061510093010959e-07
6.230815725529074032e-07,-2.501319586212673126e-07
-7.132284339898845458e-07,-2.404966303162413595e-07
-7.795589497141138633e-07,-1.823712734104033150e-07
-1.732700070049725744e-07,-4.616849769333029222e-07
1.185655233267507758e-07,-2.261900886558400789e-07
7.056333887027007111e-07,-4.543436341156148929e-07
-8.664418834992691410e-07,-3.710092208363105303e-07
-7.003431570475611650e-07,3.109159569356037568e-08
-8.946285688078846243e-07,-1.829037072608242387e-07
6.206387534938586494e-07,-2.060647995700749562e-07
-7.117967056746469390e-07,-1.602185551525615003e-07
-3.913179699702486899e-07,-2.541712558923428624e-07
7.188494364869741442e-07,-9.472458004231615930e-08
2.072559649227366641e-07,-4.498648481368602912e-07
7.871756818863802100e-07,-2.388031614122370911e-07
2.204986653786272450e-07,-2.474320743433380740e-07
-7.922210223303239343e-07,-3.697945148452268026e-07
2.558996698109396282e-07,-5.104365188118217398e-08
-2.401654054667752605e-07,-2.416033506008703186e-07
-8.246705496765537147e-07,-4.577439481985395424e-07
7.076846568231765256e-07,-3.665447868267027757e-07
9.270987739140540911e-07,-1.402225877357135299e-07
-1.023279576313976729e-06,-2.615707225292565240e-07
-9.650462888252278413e-07,-1.245562430412345450e-07
1.868514030274090758e-07,-4.515922766065333672e-08
6.673434329987374490e-07,3.065093431976380474e-08
9.883402788469629848e-07,-2.917605161655021173e-07
7.691528690147201686e-07,-4.496209031348120355e-07
8.050121236744859883e-08,2.603617862464250225e-07
-8.636153289899319514e-07,-2.261898270917692405e-07
-9.628321548631895497e-07,-1.780997011208718801e-07
-7.811558128791800082e-07,-2.518241211930001176e-07
-8.472022192068629342e-07,-1.247988760792068763e-07
4.558321109084392926e-07,8.888126012263385736e-08
-1.027032999166698445e-06,-3.514542869957211871e-07
-1.835441564482745211e-08,-2.754973336154567654e-08
-4.212714712187224379e-07,-3.990640361339195129e-07
-1.047158827068639045e-06,-5.769791345973771371e-08
1.008712908798769855e-06,-1.952132433785756025e-07
-8.815600840054405994e-07,9.465700150584805178e-08
1.015573628666703986e-06,-3.099232616050659511e-07
-7.215160165209682152e-07,-2.924756256087838551e-07
1.065367697355688432e-06,-1.236744405832878061e-07
6.852643023550075204e-07,-2.914124581173273075e-07
7.397170704052527176e-07,-3.751660018883590920e-07
9.558120195726056002e-07,8.303047624813688830e-08
7.540041339392360429e-07,-3.142204670348235003e-07
7.567467720083145152e-07,-3.376537298830166904e-07
9.638857895715600534e-07,-1.406259174358082135e-07
-1.016883948322932117e-06,-1.433950266711457182e-07
-1.052470861798371487e-06,-1.957272563257036154e-07
-3.484926339761033923e-08,-4.693753668356357584e-07
-2.630548783859542313e-08,2.709205330725474400e-07
-2.331573179136972590e-07,-5.832604240685157266e-08
-1.550489463845428987e-10,-2.236400857186225408e-07
9.544229651976078117e-07,-4.483539232080008560e-07
8.152127721016640730e-07,-3.653132152894727646e-07
8.670436413656984675e-07,-4.738518103221883301e-07
-3.983257444508145594e-07,1.549913491829858875e-07
7.393297254573285452e-07,-2.363302159551642849e-07
8.139612855060148557e-07,-1.626576499968570320e-07
7.559267575745367391e-07,-2.876656199158849443e-07
8.902209118230432894e-07,-2.111581854603394576e-07
-5.489296770260519001e-07,-3.478056494661340864e-10
1.025909317222784928e-06,-3.612439925507991611e-07
-7.209798064828530100e-07,-3.249467826816066529e-07
2.999395144092687905e-09,-2.377122098988035697e-07
-8.192920944857295071e-07,-3.720960672663312233e-07
-1.014391780522584088e-07,-4.668674085360696478e-07
-8.435640030797768783e-07,-1.373667110424372761e-07
-8.487831488266814903e-07,-4.650689946019063488e-07
-8.200325807687222169e-07,-1.432053632836038468e-07
2.349835011241552023e-07,2.373853143505530608e-07
3.345283299945587618e-07,-2.503116442876654690e-07
8.086010546752152649e-07,-1.656381749559666384e-07
3.313029503313366468e-07,-4.405126890904905733e-07
3.155589549653519807e-07,-2.543256011152023627e-07
-2.982718495931513059e-07,-5.492237352381425720e-08
1.023672852138290017e-06,-1.839879713967004364e-07
3.229936910175620149e-07,-4.253976288070958293e-07
1.034730341405366531e-08,-4.715059207228897748e-07
9.978082905864460174e-07,-1.489648305164130680e-07
-4.896541713913095645e-07,-4.161488041091401225e-07
-1.008147359156210967e-06,-1.694845662515228860e-07
-6.281701704882613170e-07,-3.762658103052088025e-07
-2.994121194895278319e-07,2.192517510303790287e-07
9.014030039928054639e-07,-3.503925757708561772e-07
2.577358390692871602e-07,-6.167980990681145287e-08
-7.778349283106613574e-07,8.459974585556215011e-08
-8.180277327589291909e-07,-1.311602194554408194e-07
-6.009289917971278449e-07,1.319529688407619291e-08
-9.446812079411381459e-07,3.022132796202809044e-08
-8.369990613161763019e-07,4.713612431395006116e-08
2.868816188469872918e-07,1.998819695377107121e-07
7.421713796233699873e-07,2.357999707454719011e-08
-6.170504750107399665e-07,-2.516540756300124840e-07
-7.611231972980010988e-07,-2.697133747847135648e-07
4.249418591281360861e-07,-2.635638554764094661e-07
-9.776800892717229374e-07,-4.385092946915842502e-07
-3.130939875079305233e-07,-4.365048220937022716e-07
9.711137719227356561e-07,-4.495389500643652298e-07
3.711144605537883656e-07,-4.421572444110737102e-08
8.691215657723636601e-07,-1.431520351854116789e-07
-9.909493925868525178e-07,-2.994528254081878526e-07
-9.456477840911996230e-07,-4.579164436349996642e-07
6.329746887403965764e-07,-4.451776902823035924e-07
7.454672248770659888e-07,-2.331443553439295263e-07
-9.863510524551699815e-07,-2.802169944192124397e-07
-5.853691583237799021e-07,-2.071679221811679605e-07
5.713834666248100401e-07,5.302583334675238317e-08
7.072840563186252739e-07,-1.771590513666029582e-07
-6.073936694464935224e-07,-3.717097606615213109e-07
6.383268723797156137e-07,-3.671376522709753656e-07
-3.220493854892865647e-07,-5.115319980488308110e-08
6.127813271327183183e-07,-1.792999261623852823e-08
5.558337129885167121e-07,1.051241545907962676e-08
9.350965561348130786e-07,-4.661134974349337523e-07
-1.012253602113474746e-06,-6.633923340037514057e-09
-8.462884999760495625e-08,-4.579665499681552234e-08
5.536149727280860979e-07,-1.194444147132585626e-08
9.653859401215605904e-08,-4.888146393496223788e-08
-2.016764188965606244e-07,-4.384656043759193197e-08
-4.846062838256770358e-07,-2.942366322518976837e-08
-9.757413108108197095e-07,-2.659270127369372592e-07
-3.956154575871069404e-07,-3.995851804341233698e-07
2.976931456346392645e-07,-2.788841326509169474e-07
-2.291590576987768656e-07,-2.748296565287889075e-07
-9.365768875017382688e-08,-4.283698150654181885e-07
2.178056661779081708e-07,-4.092541673077742026e-07
-2.011546557124931947e-07,-2.780065856706823148e-07
-1.244981986612402253e-07,-4.211342453263617479e-07
3.945011403684738324e-09,-2.760459088323302216e-07
1.076350774418992843e-07,-2.641338735667127838e-07
3.928068318703189688e-07,-2.813732634247407692e-07
-5.928520802542249676e-07,-3.088276771830459216e-07
-4.825948038641285483e-07,-2.543938978841458994e-07
6.602454144265847844e-07,-2.720845852212284829e-07
-6.106208832928557897e-07,-3.472482321172120303e-07
6.525295994862118490e-07,-4.099747703152740303e-07
3.071419848984119342e-07,-4.151344730873652665e-07
6.502013594294221911e-07,-3.481824817418325521e-07
-6.799641118345900255e-07,-2.604420355019348815e-07
-2.422500961250095357e-07,-4.288963964774217944e-07
-7.498093340340029547e-07,-4.318316511346118820e-07
6.556598722456908482e-07,-2.584473329516437907e-07
-6.038227310316808555e-07,-3.291431318687601596e-07
-5.848254048713380619e-07,-2.623078548931058438e-07
5.906181639564291954e-07,-2.635472823005340011e-07
-6.701750021641984069e-07,-3.632439366869634132e-07
6.411249128593171918e-07,-2.954380934184917366e-07
-5.642526051591772505e-07,-2.616795673938346017e-07
-8.168473325696237497e-07,-2.340937101877334560e-07
-7.005570422483828144e-07,-5.545308052297842345e-08
-2.111988613223290272e-07,-4.537666737484554855e-07
1.218042100041769221e-07,-4.673404781141162902e-07
-1.362413359568721066e-08,-4.265938855042254468e-07
-1.149030593409638573e-07,-2.677154025208290858e-07
2.313575468091832738e-07,-2.359896262840820962e-07
-6.945676978466072227e-07,-1.887549222797565662e-07
4.254489265653202807e-07,-3.779825166275572561e-07
6.095093612235936375e-07,-3.609868632853853129e-07
1.055724161262654103e-06,-4.742749135566018061e-08
2.058621470704651453e-07,-2.789663038323772643e-07
9.679892834242905235e-07,-3.125796450009507877e-07
-3.208115930844455125e-07,-2.528201473832115893e-07
1.834700295725047917e-07,2.369730687848541336e-07
-5.720602165378023854e-07,-4.248834805166868167e-07
8.942685946735956011e-07,-1.292185192131488162e-07
5.766873893723724283e-07,-9.698853539014277727e-10
5.902884590490058808e-07,-4.272336064233304435e-07
6.980356058518866720e-07,-8.776795516551410683e-08
1.512738512229839883e-07,-5.515105047198630420e-08
5.781741232325816641e-07,1.940417932898670375e-08
-7.600418895479640812e-07,-4.557729782663323716e-07
7.002281127269141441e-07,-1.932795488395012055e-07
7.101767483532386062e-07,-2.383806809181995962e-07
5.594461906895307110e-07,-2.451347689444823506e-07
-8.078716575816290659e-07,-3.764020659437637744e-07
-1.012790706892742682e-06,-2.609465248513445644e-07
-3.512482469626719122e-07,-2.545941084086757463e-07
-6.962327687646896620e-07,-6.299745479845213757e-08
7.852683550113100124e-07,-4.665036596442161359e-07
-5.676595647681060422e-07,3.066988370032283899e-08
3.950250444474032058e-07,-4.080463889083808216e-07
-7.092395415785634122e-07,-3.731508406470680620e-07
-8.903352512805562070e-07,-4.681062971286442820e-07
1.001849883520181872e-06,4.166507947027581400e-08
-7.646057435051936689e-07,-1.530511393283621024e-07
3.629977134647522843e-07,-2.755176685017323224e-07
9.768660225736349657e-07,-1.955366252116208078e-07
-3.186962329311423180e-07,-4.197183610857472489e-07
9.549821141402244891e-07,-1.324823565421496342e-07
-9.054291246272994988e-07,-1.210658433386884995e-07
-8.303600131942176928e-07,-3.752444414501839096e-07
8.077065315184758422e-07,-2.262890079196101922e-07
7.918810125816577756e-07,-1.428902268907677236e-07
-8.046801152784283821e-07,-2.303957453956997747e-07
-9.936829471744580668e-07,-1.250062629906858956e-07
-9.952681241610197079e-07,2.540092325302985981e-08
-9.704376900810074629e-07,-1.151465255227110623e-07
-7.030413419240688152e-07,-3.772078696406450315e-07
-9.118678370978739299e-07,-2.364808910863669072e-07
7.757512856902376700e-07,-1.578481184620797426e-07
-9.044642240206593556e-07,-3.456740884334411095e-07
9.557050095108932955e-07,3.953801206490474357e-08
-9.229493563580175160e-07,-1.503423784050507900e-07
-1.000096653628414164e-06,-1.321346513932086980e-07
7.531065379622811332e-08,-4.077076888511528429e-08
-8.114626810536637981e-07,-1.543249518673541492e-07
7.287245392780077583e-08,2.878118111078448032e-07
5.061603994936789049e-07,-2.687659142981884118e-07
-2.331741645583336323e-07,2.494793087313213238e-07
-3.003625274956383305e-08,-4.152574041150079568e-08
5.048924111026335273e-07,-1.275810593081563417e-08
3.393540978142185901e-07,1.728465621271718974e-07
1.402897137492090183e-07,2.760313186570999775e-07
-9.470100898551597648e-07,-3.322897763390444199e-07
-5.187180448000941141e-07,6.695468651959764976e-08
2.961194114123604292e-07,-3.026401144641065096e-07
-2.173588522935577175e-07,-3.035662892117784029e-07
3.780196967725809765e-07,-3.863572931518348917e-07
-1.093646628356005221e-07,-3.881177325381125030e-07
-4.896419277888353099e-07,-3.170049965575371607e-07
5.767886818249953188e-07,-3.154566279654919216e-07
-4.618343461777898756e-07,-2.734443760750952783e-07
-4.942542626109740473e-07,-4.000290529543982031e-07
-1.962674267185179089e-07,-4.194366971243759738e-07
2.116726031203368406e-07,-2.680775008952438784e-07
4.749348210366098194e-07,-2.843487207994189926e-07
-3.004829938891655365e-07,-2.779212053728204600e-07
5.233266337415596407e-07,-3.578761438146315651e-07
6.267054293439591889e-07,-3.224875462691857635e-07
6.328320025689330178e-07,-3.782925367302718599e-07
-5.708517901199603409e-07,-3.032655623634449333e-07
-5.778579355647665111e-07,-2.339741871867851558e-07
-6.832328790699403827e-07,-2.789336554066171016e-07
-4.983066946854024296e-07,-2.821336306391986285e-07
-9.991246647617406142e-08,-2.762650246487810481e-07
-6.024727904281031871e-07,-3.480258563845413406e-07
-3.179807399448710494e-07,-3.935865411320274673e-07
-2.255157245428138882e-07,-4.082357283064079445e-07
1.000378243361680859e-08,-4.316963733612313415e-07
1.021179321230064619e-07,-4.221766038408680280e-07
1.066349679874287652e-07,-2.772325842720180712e-07
5.625449227842879435e-07,-2.809802553722330134e-07
-6.784113262206147509e-07,-4.354905543278561081e-07
3.069191760519668743e-07,-2.748408012740650129e-07
-2.443908083072257796e-09,-2.636731420913407444e-07
-2.968885568998347675e-07,-4.078066748939533865e-07
2.131766596285205334e-07,-4.230085233194377400e-07
-3.925685598599822691e-07,-2.708352217704540589e-07
-3.611154070264940875e-07,-2.840208443910729040e-07
5.623568515307928521e-07,-4.054660250909046055e-07
4.021261553956563856e-07,-2.895936406919286250e-07
6.749494593452089543e-07,-4.369638884567225856e-07
-4.124304873844441285e-07,-3.786125509548836001e-07
-6.554243122698525209e-07,-2.171046602663426761e-07
6.797747701361087682e-07,-3.366801849638674842e-07
6.832500043716467120e-07,-2.521118804747083286e-07
7.200179167662654660e-07,-3.647421526487370221e-07
6.605366004124912402e-07,-2.258643056441158928e-07
9.766258161911253023e-07,-2.193016682732668849e-07
3.273731951251736243e-07,-3.929068111934315822e-07
-5.755949770063589239e-07,-2.739986206282182529e-07
1.000493769303629701e-06,-2.714898011784816183e-07
-5.982338453834261946e-07,-3.622860501248960289e-07
4.589555607200278370e-07,-3.833552192883565720e-07
7.587418305382456547e-07,-1.852928629293385491e-07
-2.859905880409687047e-07,-3.742480967992146366e-07
2.897538819450084081e-07,-2.973935851218027284e-07
-8.844094798620854431e-08,-3.949079192551772008e-07
1.014399969509825635e-07,-2.965861094759626937e-07
-1.911448988287954371e-07,-3.079825458395793779e-07
3.415345483593832108e-07,-3.608089827456273533e-07
-3.110319163190532388e-07,-3.707988639067518570e-07
4.828874233743583414e-09,-3.086578164638004915e-07
3.894535757504721257e-07,-3.130304172080568833e-07
-3.196258859793436354e-07,-3.072429426909786362e-07
-1.099373874642864471e-07,-3.002045811271025837e-07
4.482168386126157757e-07,-3.620158745565657323e-07
-4.995530254726437605e-07,-3.346233224929884167e-07
-4.734597230660241074e-07,-3.255402501449674082e-07
-4.891327602541906099e-07,-2.767768859018524933e-07
-3.970596115619167884e-07,-3.751399244866161915e-07
5.631581587687387373e-07,-3.429847901496188175e-07
-4.640061236404342020e-07,-2.991409301396356603e-07
-6.431536588651414198e-07,-3.929546453491991229e-07
-5.808362207862496557e-07,-2.902666354714273444e-07
-2.874811531512223796e-09,-3.900592498766366054e-07
1.132222253975823781e-07,-4.295628973483271755e-07
2.167620890542018477e-07,-3.765159695800569252e-07
-2.127738967291136161e-07,-3.809330545443163135e-07
5.364635866786922552e-07,-3.009624599264721863e-07
2.007861490630312884e-07,-3.078568292117629387e-07
-5.917847730720224955e-07,-4.140396437406404168e-07
-4.043997297437172858e-07,-2.906000055684813316e-07
2.933534511691311859e-07,-3.894823794040791502e-07
-5.026676284168247666e-07,-3.517104382231956878e-07
5.417008050530245754e-07,-3.807256858944807811e-07
5.251904459068900452e-07,-2.866313951925734147e-07
-5.063487673419271948e-07,-3.668118601293196015e-07
6.101800392294662127e-07,-3.456683766529832406e-07
3.681201147889614604e-07,-2.998500054076504281e-07
4.431980569839106530e-07,-3.596474590729780444e-07
3.137213210576092058e-07,-3.315404938466630630e-07
3.039887373958810530e-07,-3.381604695345769050e-07
-3.065739843431612350e-07,-3.488467800634233617e-07
-1.050562583832552183e-07,-3.580778590324684173e-07
3.504027534931451711e-07,-3.139600366683116541e-07
-3.307191373570054670e-07,-3.454899955370849973e-07
4.427684719253029730e-07,-3.201506973621136841e-07
-5.020536489537816746e-07,-3.774809170953551646e-07
-4.068980573910592994e-07,-3.600151776441250846e-07
-2.089676397674354178e-07,-3.293480420644356614e-07
-3.037803821955853012e-07,-3.087426080242977039e-07
-9.311456709026312761e-08,-3.080928230986831744e-07
5.093762968697913822e-07,-3.219837501180645075e-07
-1.834374916594940668e-07,-3.881277147767035779e-07
-3.971824063244541238e-07,-3.239293939865850511e-07
1.058340543174409798e-07,-3.861782753401878311e-07
9.022082037796811388e-09,-3.975220151453283338e-07
-4.972956357053530626e-07,-3.501987590487275793e-07
-3.017294187932644330e-09,-2.976475934000375397e-07
5.225192647912357901e-07,-3.559517576156305096e-07
2.024750193804520027e-07,-3.933476708505409642e-07
1.030443866864251541e-07,-3.087785814106861782e-07
2.004312935461059976e-07,-2.966027952927762201e-07
3.754842155731355411e-07,-3.632288889082700349e-07
-4.934316411905990516e-07,-2.948137637662458259e-07
7.187622725252699542e-07,-3.312148740533214762e-07
-7.861278979787008907e-07,-3.889307919641547736e-07
4.767816963168041094e-07,-3.409744376108997130e-07
4.458585237257067925e-07,-3.022181143348047047e-07
-3.907934419536473522e-07,-3.099531340822940477e-07
4.099045010916106431e-07,-3.410206380079712192e-07
-1.789518184687963418e-07,-3.355162655179443220e-07
2.073676756073684887e-07,-3.485001498729283740e-07
-8.808640020880482538e-08,-3.371018458822630495e-07
6.388119006590601807e-09,-3.381543308503317479e-07
-8.619329431244226876e-10,-3.582104954192917099e-07
2.924893672303284025e-07,-3.631453034342909189e-07
-3.737511782881885673e-07,-3.247123885826173000e-07
3.961751418412122899e-07,-3.416283982687721649e-07
2.882001324034733470e-07,-3.183377042708639971e-07
-3.065957990706690838e-07,-3.278042147423718593e-07
1.068902591203734795e-07,-3.967418904371971853e-07
-8.606637186158985069e-08,-3.652014779719099282e-07
2.006580267806489743e-07,-3.362226341730470328e-07
1.010305286781879092e-07,-3.259890400537910204e-07
-2.079127157298748064e-07,-3.546602939604993946e-07
4.017387908748131406e-07,-3.239697672333871276e-07
-1.063644868536106889e-07,-3.294477578551137921e-07
-4.020513184579971138e-07,-3.417262940890569183e-07
4.451328687948732843e-07,-3.462820513074952770e-07
-4.072592202339151742e-07,-3.507850770437385733e-07
-4.367911008708625274e-07,-3.080566173550328314e-07
4.939554222747512571e-07,-3.345882307162499140e-07
-2.371164049792923247e-07,-3.569117086261483932e-07
-8.786253390818729937e-07,-3.825620614524258845e-07
1.999285388175339476e-07,-3.647538070935719147e-07
1.027225980972578817e-07,-3.380150292049275238e-07
1.993042110303708099e-07,-3.226354527767669605e-07
1.036996491627624955e-07,-3.550240311589614257e-07
8.038916847281496577e-09,-3.671401380549361896e-07
-4.177027803830664823e-07,-3.339355282948088263e-07
-2.140769103525109552e-09,-3.282366020833733357e-07
-2.597276550334175415e-07,-3.383506793319523017e-07
-1.740466110710983989e-07,-3.615077646033236759e-07
1.039650722609505633e-07,-3.668743944381239340e-07
