Number of nodes 621 
     0 :  0.0000000e+00  1.0000000e+00 
     1 :  0.0000000e+00  0.0000000e+00 
     2 :  1.0000000e+00  1.0000000e+00 
     3 :  1.0000000e+00  7.5000000e-01 
     4 :  5.0000000e-01  7.5000000e-01 
     5 :  5.0000000e-01  2.5000000e-01 
     6 :  1.0000000e+00  2.5000000e-01 
     7 :  1.0000000e+00  0.0000000e+00 
     8 :  0.0000000e+00  9.6428571e-01 
     9 :  0.0000000e+00  3.5714286e-02 
    10 :  0.0000000e+00  1.0714286e-01 
    11 :  0.0000000e+00  1.7857143e-01 
    12 :  0.0000000e+00  2.5000000e-01 
    13 :  0.0000000e+00  3.2142857e-01 
    14 :  0.0000000e+00  3.9285714e-01 
    15 :  0.0000000e+00  4.6428571e-01 
    16 :  0.0000000e+00  5.3571429e-01 
    17 :  0.0000000e+00  6.0714286e-01 
    18 :  0.0000000e+00  6.7857143e-01 
    19 :  0.0000000e+00  7.5000000e-01 
    20 :  0.0000000e+00  8.2142857e-01 
    21 :  0.0000000e+00  8.9285714e-01 
    22 :  0.0000000e+00  9.2857143e-01 
    23 :  0.0000000e+00  8.5714286e-01 
    24 :  0.0000000e+00  7.8571429e-01 
    25 :  0.0000000e+00  7.1428571e-01 
    26 :  0.0000000e+00  6.4285714e-01 
    27 :  0.0000000e+00  5.7142857e-01 
    28 :  0.0000000e+00  5.0000000e-01 
    29 :  0.0000000e+00  4.2857143e-01 
    30 :  0.0000000e+00  3.5714286e-01 
    31 :  0.0000000e+00  2.8571429e-01 
    32 :  0.0000000e+00  2.1428571e-01 
    33 :  0.0000000e+00  1.4285714e-01 
    34 :  0.0000000e+00  7.1428571e-02 
    35 :  9.6428571e-01  1.0000000e+00 
    36 :  3.5714286e-02  1.0000000e+00 
    37 :  1.0714286e-01  1.0000000e+00 
    38 :  1.7857143e-01  1.0000000e+00 
    39 :  2.5000000e-01  1.0000000e+00 
    40 :  3.2142857e-01  1.0000000e+00 
    41 :  3.9285714e-01  1.0000000e+00 
    42 :  4.6428571e-01  1.0000000e+00 
    43 :  5.3571429e-01  1.0000000e+00 
    44 :  6.0714286e-01  1.0000000e+00 
    45 :  6.7857143e-01  1.0000000e+00 
    46 :  7.5000000e-01  1.0000000e+00 
    47 :  8.2142857e-01  1.0000000e+00 
    48 :  8.9285714e-01  1.0000000e+00 
    49 :  9.2857143e-01  1.0000000e+00 
    50 :  8.5714286e-01  1.0000000e+00 
    51 :  7.8571429e-01  1.0000000e+00 
    52 :  7.1428571e-01  1.0000000e+00 
    53 :  6.4285714e-01  1.0000000e+00 
    54 :  5.7142857e-01  1.0000000e+00 
    55 :  5.0000000e-01  1.0000000e+00 
    56 :  4.2857143e-01  1.0000000e+00 
    57 :  3.5714286e-01  1.0000000e+00 
    58 :  2.8571429e-01  1.0000000e+00 
    59 :  2.1428571e-01  1.0000000e+00 
    60 :  1.4285714e-01  1.0000000e+00 
    61 :  7.1428571e-02  1.0000000e+00 
    62 :  1.0000000e+00  7.8125000e-01 
    63 :  1.0000000e+00  8.4375000e-01 
    64 :  1.0000000e+00  9.0625000e-01 
    65 :  1.0000000e+00  9.6875000e-01 
    66 :  1.0000000e+00  8.1250000e-01 
    67 :  1.0000000e+00  8.7500000e-01 
    68 :  1.0000000e+00  9.3750000e-01 
    69 :  9.6428571e-01  7.5000000e-01 
    70 :  8.9285714e-01  7.5000000e-01 
    71 :  8.2142857e-01  7.5000000e-01 
    72 :  7.5000000e-01  7.5000000e-01 
    73 :  6.7857143e-01  7.5000000e-01 
    74 :  6.0714286e-01  7.5000000e-01 
    75 :  5.3571429e-01  7.5000000e-01 
    76 :  9.2857143e-01  7.5000000e-01 
    77 :  8.5714286e-01  7.5000000e-01 
    78 :  7.8571429e-01  7.5000000e-01 
    79 :  7.1428571e-01  7.5000000e-01 
    80 :  6.4285714e-01  7.5000000e-01 
    81 :  5.7142857e-01  7.5000000e-01 
    82 :  4.6442129e-01  7.4745536e-01 
    83 :  4.6442129e-01  2.5254464e-01 
    84 :  3.9614625e-01  2.7259200e-01 
    85 :  3.3628482e-01  3.1106261e-01 
    86 :  2.8968662e-01  3.6483980e-01 
    87 :  2.6012676e-01  4.2956686e-01 
    88 :  2.5000000e-01  5.0000000e-01 
    89 :  2.6012676e-01  5.7043314e-01 
    90 :  2.8968662e-01  6.3516020e-01 
    91 :  3.3628482e-01  6.8893739e-01 
    92 :  3.9614625e-01  7.2740800e-01 
    93 :  4.2956686e-01  7.3987324e-01 
    94 :  3.6483980e-01  7.1031338e-01 
    95 :  3.1106261e-01  6.6371518e-01 
    96 :  2.7259200e-01  6.0385375e-01 
    97 :  2.5254464e-01  5.3557871e-01 
    98 :  2.5254464e-01  4.6442129e-01 
    99 :  2.7259200e-01  3.9614625e-01 
   100 :  3.1106261e-01  3.3628482e-01 
   101 :  3.6483980e-01  2.8968662e-01 
   102 :  4.2956686e-01  2.6012676e-01 
   103 :  5.3571429e-01  2.5000000e-01 
   104 :  6.0714286e-01  2.5000000e-01 
   105 :  6.7857143e-01  2.5000000e-01 
   106 :  7.5000000e-01  2.5000000e-01 
   107 :  8.2142857e-01  2.5000000e-01 
   108 :  8.9285714e-01  2.5000000e-01 
   109 :  9.6428571e-01  2.5000000e-01 
   110 :  5.7142857e-01  2.5000000e-01 
   111 :  6.4285714e-01  2.5000000e-01 
   112 :  7.1428571e-01  2.5000000e-01 
   113 :  7.8571429e-01  2.5000000e-01 
   114 :  8.5714286e-01  2.5000000e-01 
   115 :  9.2857143e-01  2.5000000e-01 
   116 :  1.0000000e+00  3.1250000e-02 
   117 :  1.0000000e+00  9.3750000e-02 
   118 :  1.0000000e+00  1.5625000e-01 
   119 :  1.0000000e+00  2.1875000e-01 
   120 :  1.0000000e+00  6.2500000e-02 
   121 :  1.0000000e+00  1.2500000e-01 
   122 :  1.0000000e+00  1.8750000e-01 
   123 :  3.5714286e-02  0.0000000e+00 
   124 :  9.6428571e-01  0.0000000e+00 
   125 :  8.9285714e-01  0.0000000e+00 
   126 :  8.2142857e-01  0.0000000e+00 
   127 :  7.5000000e-01  0.0000000e+00 
   128 :  6.7857143e-01  0.0000000e+00 
   129 :  6.0714286e-01  0.0000000e+00 
   130 :  5.3571429e-01  0.0000000e+00 
   131 :  4.6428571e-01  0.0000000e+00 
   132 :  3.9285714e-01  0.0000000e+00 
   133 :  3.2142857e-01  0.0000000e+00 
   134 :  2.5000000e-01  0.0000000e+00 
   135 :  1.7857143e-01  0.0000000e+00 
   136 :  1.0714286e-01  0.0000000e+00 
   137 :  7.1428571e-02  0.0000000e+00 
   138 :  1.4285714e-01  0.0000000e+00 
   139 :  2.1428571e-01  0.0000000e+00 
   140 :  2.8571429e-01  0.0000000e+00 
   141 :  3.5714286e-01  0.0000000e+00 
   142 :  4.2857143e-01  0.0000000e+00 
   143 :  5.0000000e-01  0.0000000e+00 
   144 :  5.7142857e-01  0.0000000e+00 
   145 :  6.4285714e-01  0.0000000e+00 
   146 :  7.1428571e-01  0.0000000e+00 
   147 :  7.8571429e-01  0.0000000e+00 
   148 :  8.5714286e-01  0.0000000e+00 
   149 :  9.2857143e-01  0.0000000e+00 
   150 :  3.5600015e-01  1.7924364e-01 
   151 :  7.1427572e-01  1.8773143e-01 
   152 :  3.9061818e-01  8.0279093e-01 
   153 :  1.1312501e-01  8.5881887e-01 
   154 :  3.0648409e-02  2.5354357e-01 
   155 :  1.8416748e-01  3.2999959e-01 
   156 :  2.7903752e-02  3.8682299e-01 
   157 :  6.8115216e-02  5.6204771e-01 
   158 :  5.0282363e-01  9.4115832e-01 
   159 :  6.4342746e-01  9.3855904e-01 
   160 :  5.0469622e-01  8.8268245e-01 
   161 :  7.1452699e-01  9.3797020e-01 
   162 :  9.2857055e-01  9.3767231e-02 
   163 :  6.6461500e-02  1.8431841e-01 
   164 :  7.1427390e-01  6.2722062e-02 
   165 :  1.4838105e-01  3.2119512e-01 
   166 :  9.2482089e-02  4.0001644e-01 
   167 :  2.6822524e-02  3.2238013e-01 
   168 :  5.7518098e-02  2.9259203e-01 
   169 :  3.5673173e-01  2.1623109e-01 
   170 :  6.8009632e-02  1.4727323e-01 
   171 :  1.7467680e-01  1.1394832e-01 
   172 :  8.9285551e-01  1.2503254e-01 
   173 :  3.9997263e-01  7.7975179e-01 
   174 :  3.3339453e-01  9.0840506e-01 
   175 :  2.1741053e-01  9.6660086e-01 
   176 :  3.6435259e-01  9.4017640e-01 
   177 :  2.0776971e-01  3.8239916e-01 
   178 :  1.7147529e-01  5.8623786e-01 
   179 :  1.9530420e-01  4.6630287e-01 
   180 :  7.8570846e-01  1.5637199e-01 
   181 :  5.3563420e-01  1.8996675e-01 
   182 :  7.5015636e-01  8.1283167e-01 
   183 :  5.3837406e-01  9.1057281e-01 
   184 :  7.8581439e-01  8.1270945e-01 
   185 :  6.4368171e-01  8.7667769e-01 
   186 :  8.9288213e-01  8.1255099e-01 
   187 :  8.5719593e-01  8.4385793e-01 
   188 :  8.5720050e-01  8.7511611e-01 
   189 :  8.9288236e-01  9.3754996e-01 
   190 :  6.7910371e-01  8.7608712e-01 
   191 :  7.1691798e-02  6.3647288e-01 
   192 :  7.5067478e-02  7.1118651e-01 
   193 :  2.5916901e-02  3.5452167e-01 
   194 :  5.7220608e-01  7.8374210e-01 
   195 :  1.7619460e-01  7.5593228e-02 
   196 :  7.0767453e-02  3.6703162e-02 
   197 :  7.4999033e-01  9.3938375e-02 
   198 :  7.4999659e-01  2.1883001e-01 
   199 :  7.8570803e-01  9.3870799e-02 
   200 :  2.8495818e-01  3.6975353e-02 
   201 :  4.3372586e-01  9.4177295e-01 
   202 :  4.3864131e-01  8.8527171e-01 
   203 :  6.3785643e-02  4.4959343e-01 
   204 :  5.0392191e-01  8.2395780e-01 
   205 :  7.4999344e-01  1.8764724e-01 
   206 :  8.9285601e-01  1.8752301e-01 
   207 :  4.2814719e-01  1.6762243e-01 
   208 :  2.4805999e-01  7.5199179e-02 
   209 :  4.4254690e-01  7.9388250e-01 
   210 :  1.4058811e-01  7.5128598e-02 
   211 :  8.9285565e-01  1.5628008e-01 
   212 :  1.1476260e-01  7.4810027e-01 
   213 :  7.1441760e-01  7.8154191e-01 
   214 :  7.1452960e-01  8.1302750e-01 
   215 :  5.3805557e-01  8.1916780e-01 
   216 :  3.3167100e-02  1.8137432e-01 
   217 :  6.4325740e-02  2.2126432e-01 
   218 :  2.3756337e-01  7.9545899e-01 
   219 :  7.5868273e-02  8.2186106e-01 
   220 :  4.6400161e-01  1.6362454e-01 
   221 :  8.5714102e-01  1.8753747e-01 
   222 :  7.8570997e-01  1.8759374e-01 
   223 :  8.2142430e-01  1.2508377e-01 
   224 :  1.4827431e-01  6.6859533e-01 
   225 :  6.7854779e-01  1.2549931e-01 
   226 :  3.9231432e-01  6.9286821e-02 
   227 :  2.7140181e-01  8.3729085e-01 
   228 :  2.2069348e-01  9.3320365e-01 
   229 :  4.4265574e-01  8.3335167e-01 
   230 :  4.0588802e-01  8.8440864e-01 
   231 :  1.1642830e-01  3.0878331e-01 
   232 :  7.8570930e-01  6.2592069e-02 
   233 :  7.2423572e-02  9.6466571e-01 
   234 :  1.1171875e-01  8.9449794e-01 
   235 :  1.9558064e-01  7.8989316e-01 
   236 :  3.5587578e-01  1.4282206e-01 
   237 :  1.5299241e-01  7.0864680e-01 
   238 :  2.2594867e-01  6.5996231e-01 
   239 :  8.2142679e-01  3.1281746e-02 
   240 :  3.9206181e-01  1.3849250e-01 
   241 :  6.9154465e-02  1.1030455e-01 
   242 :  3.0269971e-01  8.7444327e-01 
   243 :  2.6130992e-01  9.0247889e-01 
   244 :  1.7113065e-01  3.7837890e-01 
   245 :  8.5719620e-01  9.0635664e-01 
   246 :  9.2858593e-01  8.1252920e-01 
   247 :  6.0829697e-01  9.0840832e-01 
   248 :  7.8570772e-01  1.2513143e-01 
   249 :  4.9991132e-01  3.2613496e-02 
   250 :  9.2857061e-01  1.5626724e-01 
   251 :  4.9978509e-01  1.2942505e-01 
   252 :  2.4906203e-01  3.7454142e-02 
   253 :  2.2812895e-01  8.6579465e-01 
   254 :  1.1427962e-01  8.2262620e-01 
   255 :  1.8119133e-01  9.6590235e-01 
   256 :  6.4316447e-01  9.6930677e-01 
   257 :  7.1460380e-01  8.4441882e-01 
   258 :  8.2151940e-01  8.7518408e-01 
   259 :  9.6429441e-01  8.4376733e-01 
   260 :  3.2085749e-01  3.6292131e-02 
   261 :  1.3721111e-01  1.5148847e-01 
   262 :  8.2142538e-01  6.2558838e-02 
   263 :  2.3252400e-01  8.3126803e-01 
   264 :  3.8337478e-01  8.2773837e-01 
   265 :  4.4086259e-01  8.5844596e-01 
   266 :  1.7820802e-01  6.2505462e-01 
   267 :  1.4300720e-01  6.2934714e-01 
   268 :  2.1242142e-01  6.1950893e-01 
   269 :  2.2095449e-01  3.3781333e-01 
   270 :  7.8480348e-02  3.2986855e-01 
   271 :  1.3468928e-01  5.5244995e-01 
   272 :  1.3831672e-01  5.9078023e-01 
   273 :  3.8254680e-01  7.4746758e-01 
   274 :  1.2491571e-01  2.6970249e-01 
   275 :  8.6641417e-02  2.9876251e-01 
   276 :  3.9917072e-01  9.4126224e-01 
   277 :  1.5131640e-01  8.6026289e-01 
   278 :  9.6428546e-01  1.8750600e-01 
   279 :  7.0037977e-02  7.3454756e-02 
   280 :  6.4283377e-01  1.8807825e-01 
   281 :  4.6396887e-01  9.9117900e-02 
   282 :  7.4373607e-02  8.9373252e-01 
   283 :  3.1988715e-01  2.2667069e-01 
   284 :  1.9943574e-01  4.2548979e-01 
   285 :  2.2505136e-01  4.6491345e-01 
   286 :  6.7856124e-01  3.1433924e-02 
   287 :  2.4366374e-01  1.9452828e-01 
   288 :  1.6983202e-01  1.9310514e-01 
   289 :  1.4492828e-01  9.6535667e-01 
   290 :  7.1427088e-01  9.4042808e-02 
   291 :  6.7855617e-01  1.8786487e-01 
   292 :  6.0708626e-01  1.2620889e-01 
   293 :  3.2097403e-02  2.1761918e-01 
   294 :  3.1788450e-01  7.1175716e-01 
   295 :  3.5058033e-01  7.3203554e-01 
   296 :  1.8676552e-01  8.9736716e-01 
   297 :  8.9289007e-01  9.0631562e-01 
   298 :  7.8584552e-01  9.0651327e-01 
   299 :  1.3064779e-01  2.2998097e-01 
   300 :  4.9988310e-01  1.9167027e-01 
   301 :  2.8418240e-01  7.4212723e-02 
   302 :  1.3913138e-01  1.1307832e-01 
   303 :  7.1427031e-01  1.2532041e-01 
   304 :  3.6824960e-01  9.1081859e-01 
   305 :  3.7413867e-02  7.1272122e-01 
   306 :  1.4920338e-01  8.9566667e-01 
   307 :  5.7340080e-01  8.7885452e-01 
   308 :  6.0841867e-01  8.7756517e-01 
   309 :  5.7318872e-01  9.0937011e-01 
   310 :  9.6428932e-01  7.8125718e-01 
   311 :  8.9289277e-01  8.7507136e-01 
   312 :  9.2859041e-01  8.4378802e-01 
   313 :  8.2142573e-01  1.8755953e-01 
   314 :  3.4992121e-02  7.2450053e-02 
   315 :  3.5604012e-01  1.0680298e-01 
   316 :  5.7139074e-01  3.1889991e-02 
   317 :  4.9996223e-01  2.2146888e-01 
   318 :  5.7140139e-01  2.1960273e-01 
   319 :  8.9285645e-01  3.1262390e-02 
   320 :  5.3567703e-01  2.2021880e-01 
   321 :  2.4176893e-01  3.8821300e-01 
   322 :  6.4360952e-01  9.0770290e-01 
   323 :  5.3766281e-01  9.4041492e-01 
   324 :  6.4317792e-01  7.8204033e-01 
   325 :  6.4284505e-01  2.1906865e-01 
   326 :  6.0712448e-01  2.1926531e-01 
   327 :  2.8073474e-01  2.9690806e-01 
   328 :  3.5906908e-01  2.5387146e-01 
   329 :  2.4073839e-01  2.3940194e-01 
   330 :  3.2323500e-01  2.7145758e-01 
   331 :  9.2858607e-01  9.3752853e-01 
   332 :  6.0760906e-01  9.6955114e-01 
   333 :  6.7905974e-01  9.0721114e-01 
   334 :  1.7267268e-01  1.5302146e-01 
   335 :  4.6412051e-01  1.9474705e-01 
   336 :  4.2820510e-01  6.7642274e-02 
   337 :  7.1428054e-01  2.1887612e-01 
   338 :  7.4999230e-01  6.2643253e-02 
   339 :  6.7856352e-01  2.1894967e-01 
   340 :  3.5890032e-02  6.3973040e-01 
   341 :  7.3551478e-02  6.7380325e-01 
   342 :  3.6733927e-02  6.7622443e-01 
   343 :  4.1294849e-01  7.5932218e-01 
   344 :  3.4393062e-01  8.4958335e-01 
   345 :  3.3823474e-01  8.7865227e-01 
   346 :  7.8576833e-01  7.8136434e-01 
   347 :  7.5008450e-01  7.8143198e-01 
   348 :  7.8585622e-01  8.7528857e-01 
   349 :  5.7135218e-01  1.5808840e-01 
   350 :  2.8337719e-01  1.1201720e-01 
   351 :  2.1203427e-01  7.5649428e-02 
   352 :  6.7854865e-01  9.4203869e-02 
   353 :  7.1460160e-01  9.0687868e-01 
   354 :  7.5022097e-01  8.7545043e-01 
   355 :  8.5718332e-01  8.1258303e-01 
   356 :  2.9949944e-01  7.3895802e-01 
   357 :  1.6556593e-01  2.3445105e-01 
   358 :  6.4284140e-01  3.1531408e-02 
   359 :  3.9386769e-01  2.4056048e-01 
   360 :  9.6429256e-01  9.3751297e-01 
   361 :  9.6429454e-01  9.0626709e-01 
   362 :  7.1462882e-01  8.7570098e-01 
   363 :  8.2146310e-01  7.8132200e-01 
   364 :  5.4910783e-02  3.7989612e-01 
   365 :  6.0671728e-02  4.1254679e-01 
   366 :  4.9941641e-02  3.5228693e-01 
   367 :  9.2857926e-01  7.8126583e-01 
   368 :  8.2149295e-01  9.3762829e-01 
   369 :  5.7289553e-01  8.1635583e-01 
   370 :  6.4345118e-01  8.1387550e-01 
   371 :  8.2151234e-01  8.4392153e-01 
   372 :  8.5718369e-01  9.3758130e-01 
   373 :  7.5020431e-01  8.4417502e-01 
   374 :  6.7894329e-01  9.3821115e-01 
   375 :  5.7331169e-01  8.4794421e-01 
   376 :  6.7877703e-01  7.8172479e-01 
   377 :  5.3690679e-01  7.8621197e-01 
   378 :  4.6395150e-01  1.3164819e-01 
   379 :  2.8254559e-01  1.5086428e-01 
   380 :  9.2857076e-01  6.2513182e-02 
   381 :  9.2857053e-01  1.2501866e-01 
   382 :  1.0237007e-01  1.4947670e-01 
   383 :  3.9212757e-01  1.0391770e-01 
   384 :  7.1427210e-01  1.5654942e-01 
   385 :  5.3558146e-01  9.6236220e-02 
   386 :  3.5634983e-01  7.1056804e-02 
   387 :  1.0622804e-01  3.7142987e-02 
   388 :  6.4282191e-01  9.4451172e-02 
   389 :  2.4553228e-01  1.5307406e-01 
   390 :  8.9285592e-01  6.2522931e-02 
   391 :  1.9736359e-01  7.5065127e-01 
   392 :  3.7152761e-02  8.9323024e-01 
   393 :  3.7952728e-02  7.8543910e-01 
   394 :  4.1845547e-01  8.0846561e-01 
   395 :  4.2839857e-01  1.9981865e-01 
   396 :  4.2808960e-01  1.0129423e-01 
   397 :  5.7134328e-01  9.5395859e-02 
   398 :  5.0147274e-01  9.7055539e-01 
   399 :  4.6821382e-01  9.4169173e-01 
   400 :  4.3117472e-01  9.7078295e-01 
   401 :  4.6630147e-01  9.7077966e-01 
   402 :  7.5020396e-01  9.0665805e-01 
   403 :  6.0764301e-01  7.8261390e-01 
   404 :  6.4362800e-01  8.4541922e-01 
   405 :  6.0807351e-01  8.1477686e-01 
   406 :  3.2912320e-01  9.3863725e-01 
   407 :  1.0866544e-01  9.6495377e-01 
   408 :  4.1369010e-01  8.3191751e-01 
   409 :  3.9269031e-01  2.0705253e-01 
   410 :  5.0172394e-01  7.9237025e-01 
   411 :  9.6429237e-01  8.1251327e-01 
   412 :  8.9288996e-01  8.4381628e-01 
   413 :  5.3560945e-01  6.4303341e-02 
   414 :  6.0710715e-01  1.8842412e-01 
   415 :  9.6428533e-01  9.3757850e-02 
   416 :  9.6428543e-01  6.2506017e-02 
   417 :  6.0708809e-01  9.4828052e-02 
   418 :  2.5724100e-01  9.3494542e-01 
   419 :  7.4998993e-01  1.2520541e-01 
   420 :  2.1321093e-01  3.7690068e-02 
   421 :  4.2837428e-01  3.3849856e-02 
   422 :  3.3449595e-02  5.3032401e-01 
   423 :  3.4184046e-02  5.6681015e-01 
   424 :  6.6685107e-02  5.2475869e-01 
   425 :  9.6461004e-02  4.4083964e-01 
   426 :  5.2990364e-02  3.2447472e-01 
   427 :  7.1427908e-01  3.1369465e-02 
   428 :  5.3565605e-01  3.2194217e-02 
   429 :  4.2805826e-01  1.3468401e-01 
   430 :  8.5714030e-01  9.3798726e-02 
   431 :  3.5084773e-01  8.2148254e-01 
   432 :  6.9807390e-02  5.9924302e-01 
   433 :  3.5008375e-02  6.0326497e-01 
   434 :  4.6428539e-01  2.2458583e-01 
   435 :  2.4409341e-01  6.1201780e-01 
   436 :  1.9473885e-01  5.0541178e-01 
   437 :  2.2613284e-01  5.3941609e-01 
   438 :  2.2348413e-01  5.0243684e-01 
   439 :  9.2857081e-01  1.8751319e-01 
   440 :  1.0521527e-01  7.4377704e-02 
   441 :  2.6044651e-01  6.4812893e-01 
   442 :  6.1391644e-02  2.5766580e-01 
   443 :  6.5391996e-02  4.8725448e-01 
   444 :  6.9484901e-02  3.5055942e-01 
   445 :  3.0328878e-02  4.2116805e-01 
   446 :  2.8790046e-02  2.8868568e-01 
   447 :  2.9774582e-01  9.0551269e-01 
   448 :  3.0859475e-01  8.4371395e-01 
   449 :  4.6009600e-01  7.8205679e-01 
   450 :  4.2496591e-01  7.8735306e-01 
   451 :  4.3963568e-01  7.6960858e-01 
   452 :  2.9341427e-01  9.3682433e-01 
   453 :  2.8946657e-01  9.6832685e-01 
   454 :  2.4336394e-01  7.5684263e-01 
   455 :  3.5941133e-01  7.9473866e-01 
   456 :  1.7744312e-01  3.7689177e-02 
   457 :  9.6428533e-01  1.2500849e-01 
   458 :  3.9256956e-01  3.4641400e-02 
   459 :  3.7838954e-02  8.2154304e-01 
   460 :  2.5352342e-01  9.6742970e-01 
   461 :  3.6998402e-01  7.6985951e-01 
   462 :  8.5714084e-01  6.2537202e-02 
   463 :  4.9983901e-01  6.5131798e-02 
   464 :  9.6428537e-01  1.5625784e-01 
   465 :  7.8571150e-01  3.1299644e-02 
   466 :  1.0742089e-01  6.3305174e-01 
   467 :  1.9741360e-01  5.4353066e-01 
   468 :  1.0168836e-01  5.5722015e-01 
   469 :  1.0430927e-01  5.9508735e-01 
   470 :  1.8391468e-01  9.3174828e-01 
   471 :  3.2519622e-01  9.6920274e-01 
   472 :  7.6166521e-02  7.8536239e-01 
   473 :  2.8099874e-01  2.3673572e-01 
   474 :  2.4692138e-01  1.1357371e-01 
   475 :  3.9220029e-01  1.7292501e-01 
   476 :  3.1856780e-02  4.5725136e-01 
   477 :  1.3098600e-01  4.7392499e-01 
   478 :  3.2744017e-02  4.9377846e-01 
   479 :  9.8129285e-02  4.8048589e-01 
   480 :  5.7136085e-01  6.3711663e-02 
   481 :  8.5714040e-01  1.5629892e-01 
   482 :  6.0709333e-01  1.5741186e-01 
   483 :  1.1335402e-01  7.0978198e-01 
   484 :  1.1065177e-01  6.7129693e-01 
   485 :  6.7855056e-01  1.5671939e-01 
   486 :  1.6372113e-01  4.6914012e-01 
   487 :  1.6571526e-01  4.2632018e-01 
   488 :  2.5769268e-01  3.4820133e-01 
   489 :  7.5015611e-01  9.3780752e-01 
   490 :  8.2149256e-01  8.1263224e-01 
   491 :  5.3876139e-01  8.8060568e-01 
   492 :  8.9287059e-01  7.8127766e-01 
   493 :  6.0834528e-01  8.4639808e-01 
   494 :  1.4178135e-01  3.7489389e-02 
   495 :  1.8974258e-01  8.6252976e-01 
   496 :  1.5463734e-01  7.8703001e-01 
   497 :  3.7256156e-01  8.8210006e-01 
   498 :  3.1978767e-01  1.0963653e-01 
   499 :  9.6428554e-01  3.1253257e-02 
   500 :  5.0481112e-01  8.5352061e-01 
   501 :  8.5716465e-01  7.8129509e-01 
   502 :  7.8584530e-01  8.4402029e-01 
   503 :  6.4282503e-01  1.5698729e-01 
   504 :  3.4536593e-02  1.0872485e-01 
   505 :  1.6676268e-01  5.4787358e-01 
   506 :  4.3622712e-01  9.1317911e-01 
   507 :  2.8695862e-01  7.7136252e-01 
   508 :  6.0711843e-01  3.1676885e-02 
   509 :  3.6069970e-01  9.6995882e-01 
   510 :  1.5323619e-01  8.2416065e-01 
   511 :  3.7551191e-02  8.5746429e-01 
   512 :  9.2859048e-01  9.0628760e-01 
   513 :  5.0395032e-01  9.1186312e-01 
   514 :  6.7877236e-01  9.6912715e-01 
   515 :  2.8172151e-01  1.9166490e-01 
   516 :  6.4282909e-01  6.3026434e-02 
   517 :  3.9600417e-01  9.7050628e-01 
   518 :  1.0243774e-01  3.4590273e-01 
   519 :  8.0822356e-02  3.6929026e-01 
   520 :  4.7188655e-01  8.3015250e-01 
   521 :  4.7138303e-01  8.8453517e-01 
   522 :  4.7222564e-01  8.5685537e-01 
   523 :  1.8668146e-01  6.6530830e-01 
   524 :  3.5673136e-01  3.5483054e-02 
   525 :  6.0709928e-01  6.3302669e-02 
   526 :  4.6415253e-01  3.3165192e-02 
   527 :  4.6995329e-01  9.1288622e-01 
   528 :  4.9981656e-01  1.6090294e-01 
   529 :  3.1938864e-01  1.4718448e-01 
   530 :  7.4999568e-01  3.1327206e-02 
   531 :  4.4351636e-01  8.1116340e-01 
   532 :  1.9277121e-01  8.2689052e-01 
   533 :  5.3559630e-01  1.5917127e-01 
   534 :  8.2151262e-01  9.0641863e-01 
   535 :  6.0801157e-01  9.3904171e-01 
   536 :  9.6429517e-01  8.7501867e-01 
   537 :  5.3674421e-01  9.7021657e-01 
   538 :  5.7273953e-01  9.3967114e-01 
   539 :  5.3869096e-01  8.5029887e-01 
   540 :  7.3418788e-02  9.2927113e-01 
   541 :  1.1494267e-01  7.8575371e-01 
   542 :  3.2504101e-01  7.8424739e-01 
   543 :  7.8581484e-01  9.3769952e-01 
   544 :  5.7134050e-01  1.2687502e-01 
   545 :  1.0015916e-01  1.8740275e-01 
   546 :  2.0220456e-01  2.3792722e-01 
   547 :  5.7212793e-01  9.6986183e-01 
   548 :  2.0324440e-01  5.8129309e-01 
   549 :  2.4968952e-01  7.1022528e-01 
   550 :  2.2422911e-01  8.9966625e-01 
   551 :  3.3668436e-01  7.5668051e-01 
   552 :  1.3227470e-01  5.1378119e-01 
   553 :  1.3007302e-01  3.7541505e-01 
   554 :  9.9677179e-02  5.1914719e-01 
   555 :  3.5370469e-02  3.6215068e-02 
   556 :  8.2142476e-01  1.5632761e-01 
   557 :  3.1926933e-01  1.8589907e-01 
   558 :  6.4282066e-01  1.2577743e-01 
   559 :  6.7855329e-01  6.2842816e-02 
   560 :  3.7826123e-02  7.4915182e-01 
   561 :  2.7815296e-01  8.0440237e-01 
   562 :  1.0398225e-01  1.1180012e-01 
   563 :  1.9542764e-01  2.8368130e-01 
   564 :  1.5889800e-01  2.7711137e-01 
   565 :  2.8447143e-01  6.8420420e-01 
   566 :  2.3498990e-01  2.8969192e-01 
   567 :  8.9285558e-01  9.3780003e-02 
   568 :  1.6415540e-01  5.0915025e-01 
   569 :  1.9581374e-01  7.0813924e-01 
   570 :  3.3951034e-02  1.4504306e-01 
   571 :  5.3557687e-01  1.2789407e-01 
   572 :  7.4999110e-01  1.5644116e-01 
   573 :  4.9979395e-01  9.7446154e-02 
   574 :  1.1020535e-01  9.2982813e-01 
   575 :  1.5489294e-01  7.4853232e-01 
   576 :  3.7750420e-01  8.5429531e-01 
   577 :  4.0959860e-01  8.5740705e-01 
   578 :  2.0880996e-01  1.5368931e-01 
   579 :  3.2030028e-01  7.2770226e-02 
   580 :  8.2142454e-01  9.3827111e-02 
   581 :  2.3293615e-01  5.7589286e-01 
   582 :  4.6898565e-01  8.0490551e-01 
   583 :  7.5946563e-02  7.4844231e-01 
   584 :  2.6593457e-01  8.6995640e-01 
   585 :  2.1063163e-01  1.1418324e-01 
   586 :  9.2667830e-02  2.6295695e-01 
   587 :  9.2859201e-01  8.7504096e-01 
   588 :  8.5714174e-01  3.1270088e-02 
   589 :  4.0243930e-01  9.1247531e-01 
   590 :  6.7895175e-01  8.1334631e-01 
   591 :  9.2857104e-01  3.1257134e-02 
   592 :  3.1585954e-01  8.1351755e-01 
   593 :  1.3047559e-01  4.3093962e-01 
   594 :  1.3453131e-01  1.9046507e-01 
   595 :  1.4705196e-01  9.3063168e-01 
   596 :  4.2886861e-01  2.3084680e-01 
   597 :  2.3104035e-01  4.2684500e-01 
   598 :  5.7137461e-01  1.8899587e-01 
   599 :  2.0622446e-01  1.9471229e-01 
   600 :  4.6404127e-01  6.6241295e-02 
   601 :  8.5714015e-01  1.2505288e-01 
   602 :  7.5223383e-02  8.5795970e-01 
   603 :  6.7906651e-01  8.4480492e-01 
   604 :  9.7049764e-02  2.2540728e-01 
   605 :  7.1441633e-01  9.6900094e-01 
   606 :  7.5008460e-01  9.6891496e-01 
   607 :  7.8576880e-01  9.6885739e-01 
   608 :  8.2146346e-01  9.6881919e-01 
   609 :  8.5716496e-01  9.6879390e-01 
   610 :  8.9287080e-01  9.6877692e-01 
   611 :  9.2857939e-01  9.6876533e-01 
   612 :  9.6428947e-01  9.6875699e-01 
   613 :  7.8571202e-01  2.1880085e-01 
   614 :  8.2142708e-01  2.1878229e-01 
   615 :  8.5714189e-01  2.1877031e-01 
   616 :  8.9285655e-01  2.1876245e-01 
   617 :  9.2857112e-01  2.1875713e-01 
   618 :  9.6428559e-01  2.1875325e-01 
   619 :  3.6692615e-02  9.2887982e-01 
   620 :  3.6205147e-02  9.6445582e-01 
Number of edges 150 
     0 :      0      8 
     1 :      8     22 
     2 :     22     21 
     3 :     21     23 
     4 :     23     20 
     5 :     20     24 
     6 :     24     19 
     7 :     19     25 
     8 :     25     18 
     9 :     18     26 
    10 :     26     17 
    11 :     17     27 
    12 :     27     16 
    13 :     16     28 
    14 :     28     15 
    15 :     15     29 
    16 :     29     14 
    17 :     14     30 
    18 :     30     13 
    19 :     13     31 
    20 :     31     12 
    21 :     12     32 
    22 :     32     11 
    23 :     11     33 
    24 :     33     10 
    25 :     10     34 
    26 :     34      9 
    27 :      9      1 
    28 :      2     35 
    29 :     35     49 
    30 :     49     48 
    31 :     48     50 
    32 :     50     47 
    33 :     47     51 
    34 :     51     46 
    35 :     46     52 
    36 :     52     45 
    37 :     45     53 
    38 :     53     44 
    39 :     44     54 
    40 :     54     43 
    41 :     43     55 
    42 :     55     42 
    43 :     42     56 
    44 :     56     41 
    45 :     41     57 
    46 :     57     40 
    47 :     40     58 
    48 :     58     39 
    49 :     39     59 
    50 :     59     38 
    51 :     38     60 
    52 :     60     37 
    53 :     37     61 
    54 :     61     36 
    55 :     36      0 
    56 :      3     62 
    57 :     62     66 
    58 :     66     63 
    59 :     63     67 
    60 :     67     64 
    61 :     64     68 
    62 :     68     65 
    63 :     65      2 
    64 :      3     69 
    65 :     69     76 
    66 :     76     70 
    67 :     70     77 
    68 :     77     71 
    69 :     71     78 
    70 :     78     72 
    71 :     72     79 
    72 :     79     73 
    73 :     73     80 
    74 :     80     74 
    75 :     74     81 
    76 :     81     75 
    77 :     75      4 
    78 :      4     82 
    79 :     82     93 
    80 :     93     92 
    81 :     92     94 
    82 :     94     91 
    83 :     91     95 
    84 :     95     90 
    85 :     90     96 
    86 :     96     89 
    87 :     89     97 
    88 :     97     88 
    89 :     88     98 
    90 :     98     87 
    91 :     87     99 
    92 :     99     86 
    93 :     86    100 
    94 :    100     85 
    95 :     85    101 
    96 :    101     84 
    97 :     84    102 
    98 :    102     83 
    99 :     83      5 
   100 :      5    103 
   101 :    103    110 
   102 :    110    104 
   103 :    104    111 
   104 :    111    105 
   105 :    105    112 
   106 :    112    106 
   107 :    106    113 
   108 :    113    107 
   109 :    107    114 
   110 :    114    108 
   111 :    108    115 
   112 :    115    109 
   113 :    109      6 
   114 :      7    116 
   115 :    116    120 
   116 :    120    117 
   117 :    117    121 
   118 :    121    118 
   119 :    118    122 
   120 :    122    119 
   121 :    119      6 
   122 :      1    123 
   123 :    123    137 
   124 :    137    136 
   125 :    136    138 
   126 :    138    135 
   127 :    135    139 
   128 :    139    134 
   129 :    134    140 
   130 :    140    133 
   131 :    133    141 
   132 :    141    132 
   133 :    132    142 
   134 :    142    131 
   135 :    131    143 
   136 :    143    130 
   137 :    130    144 
   138 :    144    129 
   139 :    129    145 
   140 :    145    128 
   141 :    128    146 
   142 :    146    127 
   143 :    127    147 
   144 :    147    126 
   145 :    126    148 
   146 :    148    125 
   147 :    125    149 
   148 :    149    124 
   149 :    124      7 
Number of quads 545 
     0 :    525    516    388    417
     1 :    428    316    480    413
     2 :    583    192    483    212
     3 :    452    447    174    406
     4 :    404    493    405    370
     5 :    215    204    410    377
     6 :    607    606    489    543
     7 :    611    610    189    331
     8 :    534    298    348    258
     9 :    187    371    490    355
    10 :    347    213     79     72
    11 :    512    297    311    587
    12 :    286    427    164    559
    13 :    458    421    336    226
    14 :    132    142    421    458
    15 :    221    206    616    615
    16 :    481    211    206    221
    17 :    317    320    103      5
    18 :    320    318    110    103
    19 :    382    261    594    545
    20 :    269    488    321    177
    21 :    597     87     98    285
    22 :    183    513    160    491
    23 :    501    363     71     77
    24 :    308    307    375    493
    25 :    375    539    215    369
    26 :    137    136    387    196
    27 :    318    326    104    110
    28 :    326    325    111    104
    29 :     11    216    293     32
    30 :    383    396    429    240
    31 :    327    330     85    100
    32 :    330    328    101     85
    33 :    420    252    208    351
    34 :    373    257    214    182
    35 :    514    256    159    374
    36 :    363    346     78     71
    37 :    491    160    500    539
    38 :    524    458    226    386
    39 :    216    163    217    293
    40 :    236    240    475    150
    41 :    126    148    588    239
    42 :    325    339    105    111
    43 :    339    337    112    105
    44 :    239    588    462    262
    45 :    191    341    342    340
    46 :    340    342     18     26
    47 :    342    305     25     18
    48 :    341    192    305    342
    49 :    407    574    595    289
    50 :     59    175    460     39
    51 :    565    441     90     95
    52 :    412    187    355    186
    53 :    257    603    590    214
    54 :    159    535    247    322
    55 :    490    184    346    363
    56 :    456    420    351    195
    57 :    181    598    318    320
    58 :    249    428    413    463
    59 :    485    384    151    291
    60 :    333    322    185    190
    61 :    259    312    246    411
    62 :    324    403     74     80
    63 :    323    158    513    183
    64 :    549    565    294    356
    65 :    174    345    497    304
    66 :    549    238    441    565
    67 :    278    122    119    618
    68 :    125    149    591    319
    69 :    594    288    357    299
    70 :    168    426    167    446
    71 :    359    596    102     84
    72 :    292    558    503    482
    73 :    288    599    546    357
    74 :    612    611    331    360
    75 :    372    368    534    245
    76 :    606    605    161    489
    77 :    368    543    298    534
    78 :    371    502    184    490
    79 :    309    183    491    307
    80 :    161    374    333    353
    81 :    367    492     70     76
    82 :    172    381    250    211
    83 :    424    422    478    443
    84 :    518    519    444    270
    85 :    553    244    487    593
    86 :    476     15     29    445
    87 :    182    214    213    347
    88 :    489    161    353    402
    89 :    539    500    204    215
    90 :    492    501     77     70
    91 :     54     43    537    547
    92 :    538    323    183    309
    93 :    258    348    502    371
    94 :    370    405    403    324
    95 :     45     53    256    514
    96 :    403    194     81     74
    97 :     53     44    332    256
    98 :    346    347     72     78
    99 :     63    259    411     66
   100 :    402    353    362    354
   101 :    605    514    374    161
   102 :    374    159    322    333
   103 :    440    210    302    562
   104 :    200    260    579    301
   105 :    415    117    121    457
   106 :    207    220    335    395
   107 :    389    379    515    287
   108 :    171    585    578    334
   109 :    290    197    419    303
   110 :    206    439    617    616
   111 :    279    440    562    241
   112 :    113    106    198    613
   113 :    280    291    339    325
   114 :    301    579    498    350
   115 :    567    162    381    172
   116 :    232    262    580    199
   117 :    130    144    316    428
   118 :    129    145    358    508
   119 :    131    143    249    526
   120 :    498    315    236    529
   121 :    138    135    456    494
   122 :    395    335    434    596
   123 :    406    174    304    176
   124 :    242    448    344    345
   125 :    550    253    584    243
   126 :    385    397    544    571
   127 :    145    128    286    358
   128 :     34    314    504     10
   129 :    578    389    287    599
   130 :     56    400    401     42
   131 :     42    401    398     55
   132 :    401    399    158    398
   133 :    400    201    399    401
   134 :    247    309    307    308
   135 :    535    538    309    247
   136 :     66    411    310     62
   137 :     65    612    360     68
   138 :    245    534    258    188
   139 :     67    536    259     63
   140 :    369    215    377    194
   141 :    190    185    404    603
   142 :     60    289    255     38
   143 :    509    176    276    517
   144 :    219    472    541    254
   145 :     22     21    392    619
   146 :    205    222    613    198
   147 :    250    464    278    439
   148 :    409    395    596    359
   149 :     64    361    536     67
   150 :     52     45    514    605
   151 :    610    609    372    189
   152 :    297    245    188    311
   153 :    314    279    241    504
   154 :    223    601    481    556
   155 :    150    475    409    169
   156 :    303    419    572    384
   157 :    143    130    428    249
   158 :    430    567    172    601
   159 :    151    205    198    337
   160 :    457    121    118    464
   161 :    387    494    210    440
   162 :    282    602    153    234
   163 :    394    450    209    531
   164 :     58    453    471     40
   165 :    164    338    197    290
   166 :    180    556    313    222
   167 :    197    199    248    419
   168 :    170    382    545    163
   169 :    499    116    120    416
   170 :     12     32    293    154
   171 :    251    571    533    528
   172 :    422    423     27     16
   173 :    422    424    157    423
   174 :    477    552    554    479
   175 :    203    476    445    365
   176 :    553    166    519    518
   177 :    488     86     99    321
   178 :    284    177    321    597
   179 :    144    129    508    316
   180 :    208    301    350    474
   181 :    128    146    427    286
   182 :    557    150    169    283
   183 :    544    292    482    349
   184 :    570    170    163    216
   185 :    196    387    440    279
   186 :    133    141    524    260
   187 :    413    480    397    385
   188 :    585    474    389    578
   189 :    462    390    567    430
   190 :    529    236    150    557
   191 :    263    218    561    227
   192 :    157    432    433    423
   193 :    423    433     17     27
   194 :    433    340     26     17
   195 :    432    191    340    433
   196 :    359     84    101    328
   197 :    546    329    566    563
   198 :    434    317      5     83
   199 :    124      7    116    499
   200 :    238    268    435    441
   201 :    437    438     88     97
   202 :    581     89     96    435
   203 :    581    437     97     89
   204 :    438    436    179    285
   205 :    134    140    200    252
   206 :    195    351    585    171
   207 :    225    303    384    485
   208 :    562    302    261    382
   209 :    304    497    230    589
   210 :     90    441    435     96
   211 :    393    560    583    472
   212 :    364    156    193    366
   213 :    554    424    443    479
   214 :    231    275    586    274
   215 :    479    443    203    425
   216 :    154    446     31     12
   217 :    586    275    168    442
   218 :    165    231    274    564
   219 :    243    584    242    447
   220 :    511    459    219    602
   221 :    230    577    265    202
   222 :    209    450    451    449
   223 :    449    451     82      4
   224 :    451    343     93     82
   225 :    450    173    343    451
   226 :    255    470    228    175
   227 :    273     92     93    343
   228 :    152    173    450    394
   229 :    561    507    542    592
   230 :    212    483    237    575
   231 :    540    282    234    574
   232 :    595    306    296    470
   233 :     61    233    407     37
   234 :    289    595    470    255
   235 :    218    454    507    561
   236 :     40    471    509     57
   237 :    556    481    221    313
   238 :    598    414    326    318
   239 :    503    485    291    280
   240 :    414    280    325    326
   241 :    295     94     92    273
   242 :    576    264    408    577
   243 :    461    273    343    173
   244 :    429    378    220    207
   245 :    417    388    558    292
   246 :    421    526    600    336
   247 :    241    562    382    170
   248 :    191    432    469    466
   249 :    523    224    267    266
   250 :    467    436    438    437
   251 :    432    157    468    469
   252 :    470    296    550    228
   253 :    560    305    192    583
   254 :    532    235    218    263
   255 :    495    532    263    253
   256 :    211    250    439    206
   257 :    147    126    239    465
   258 :    148    125    319    588
   259 :    388    352    225    558
   260 :    442    217    604    586
   261 :    270    444    366    426
   262 :    588    319    390    462
   263 :    384    572    205    151
   264 :    350    498    529    379
   265 :    591    499    416    380
   266 :    192    341    484    483
   267 :    505    271    552    568
   268 :    341    191    466    484
   269 :    390    380    162    567
   270 :    142    131    526    421
   271 :    463    413    385    573
   272 :    336    600    281    396
   273 :    487    284    179    486
   274 :    488    327    100     86
   275 :    156     14     30    193
   276 :    269    566    327    488
   277 :    502    373    182    184
   278 :    603    404    370    590
   279 :    536    587    312    259
   280 :    307    491    539    375
   281 :     44     54    547    332
   282 :    493    375    369    405
   283 :    315    383    240    236
   284 :    141    132    458    524
   285 :    419    248    180    572
   286 :    210    195    171    302
   287 :    460    418    452    453
   288 :    472    583    212    541
   289 :    602    219    254    153
   290 :    165    564    563    155
   291 :    519    364    366    444
   292 :    352    290    303    225
   293 :    361    512    587    536
   294 :    608    607    543    368
   295 :    189    372    245    297
   296 :    405    369    194    403
   297 :    316    508    525    480
   298 :    291    151    337    339
   299 :    565     95     91    294
   300 :    224    484    466    267
   301 :    267    466    469    272
   302 :    408    394    531    229
   303 :     39    460    453     58
   304 :     24     19    560    393
   305 :    542    551    461    455
   306 :    515    557    283    473
   307 :    334    578    599    288
   308 :    448    592    431    344
   309 :    227    561    592    448
   310 :     20     24    393    459
   311 :     36    620    233     61
   312 :    411    246    367    310
   313 :    186    355    501    492
   314 :    362    190    603    257
   315 :    322    247    308    185
   316 :    106    112    337    198
   317 :    380    416    415    162
   318 :    260    524    386    579
   319 :    261    334    288    594
   320 :    510    496    235    532
   321 :    541    212    575    496
   322 :     21     23    511    392
   323 :    155    563    566    269
   324 :    445     29     14    156
   325 :    426    366    193    167
   326 :    275    270    426    168
   327 :    160    521    522    500
   328 :    500    522    520    204
   329 :    522    265    229    520
   330 :    521    202    265    522
   331 :    123    137    196    555
   332 :    351    208    474    585
   333 :    299    357    564    274
   334 :    178    505    467    548
   335 :    551    295    273    461
   336 :    266    178    548    268
   337 :    600    463    573    281
   338 :    526    249    463    600
   339 :    580    430    601    223
   340 :    335    300    317    434
   341 :    158    399    527    513
   342 :    513    527    521    160
   343 :    527    506    202    521
   344 :    399    201    506    527
   345 :    358    286    559    516
   346 :    464    118    122    278
   347 :    140    133    260    200
   348 :    559    164    290    352
   349 :     23     20    459    511
   350 :    620    619    540    233
   351 :     57    509    517     41
   352 :    592    542    455    431
   353 :    262    462    430    580
   354 :    149    124    499    591
   355 :     10    504    570     33
   356 :    547    537    323    538
   357 :    590    370    324    376
   358 :    332    547    538    535
   359 :    184    182    347    346
   360 :    587    311    412    312
   361 :    188    258    371    187
   362 :    543    489    402    298
   363 :    214    590    376    213
   364 :     68    360    361     64
   365 :    312    412    186    246
   366 :    185    308    493    404
   367 :    153    254    510    277
   368 :    471    406    176    509
   369 :    454    549    356    507
   370 :    256    332    535    159
   371 :    354    362    257    373
   372 :    355    490    363    501
   373 :     62    310     69      3
   374 :    530    465    232    338
   375 :    169    409    359    328
   376 :    353    333    190    362
   377 :    609    608    368    372
   378 :    298    402    354    348
   379 :    213    376     73     79
   380 :    224    237    483    484
   381 :    268    548    581    435
   382 :    266    267    272    178
   383 :    356    294    295    551
   384 :    619    392    282    540
   385 :     41    517    400     56
   386 :    167    193     30     13
   387 :    424    554    468    157
   388 :    553    518    231    165
   389 :    416    120    117    415
   390 :    545    594    299    604
   391 :    226    336    396    383
   392 :    555    196    279    314
   393 :    264    152    394    408
   394 :    418    243    447    452
   395 :    574    234    306    595
   396 :    496    575    391    235
   397 :    427    530    338    164
   398 :    329    473    327    566
   399 :    480    525    417    397
   400 :    599    287    329    546
   401 :    553    593    425    166
   402 :    252    200    301    208
   403 :    271    468    554    552
   404 :    234    153    277    306
   405 :     37    407    289     60
   406 :    459    393    472    219
   407 :    597    321     99     87
   408 :    313    221    615    614
   409 :    135    139    420    456
   410 :    475    207    395    409
   411 :    396    281    378    429
   412 :      9    555    314     34
   413 :    154    293    217    442
   414 :    166    365    364    519
   415 :    244    177    284    487
   416 :    365    445    156    364
   417 :    422     16     28    478
   418 :    579    386    315    498
   419 :    446    167     13     31
   420 :    442    168    446    154
   421 :    518    270    275    231
   422 :    277    510    532    495
   423 :    589    230    202    506
   424 :    549    569    523    238
   425 :    569    237    224    523
   426 :    494    456    195    210
   427 :    425    203    365    166
   428 :    379    529    557    515
   429 :    601    172    211    481
   430 :    571    544    349    533
   431 :    378    251    528    220
   432 :    248    223    556    180
   433 :     33    570    216     11
   434 :    482    503    280    414
   435 :    344    431    264    576
   436 :    455    461    173    152
   437 :    254    541    496    510
   438 :      1    123    555      9
   439 :    439    278    618    617
   440 :    386    226    383    315
   441 :    296    495    253    550
   442 :    497    576    577    230
   443 :    573    385    571    251
   444 :    146    127    530    427
   445 :    338    232    199    197
   446 :    209    449    582    531
   447 :    531    582    520    229
   448 :    582    410    204    520
   449 :    449      4    410    582
   450 :    228    550    243    418
   451 :    431    455    152    264
   452 :    517    276    201    400
   453 :    391    569    549    454
   454 :    507    356    551    542
   455 :     19     25    305    560
   456 :    392    511    602    282
   457 :    345    344    576    497
   458 :    235    391    454    218
   459 :    276    589    506    201
   460 :    139    134    252    420
   461 :    357    546    563    564
   462 :    287    515    473    329
   463 :    508    358    516    525
   464 :    478     28     15    476
   465 :    553    165    155    244
   466 :    593    477    479    425
   467 :    477    486    568    552
   468 :    348    354    373    502
   469 :    376    324     80     73
   470 :    310    367     76     69
   471 :    572    180    222    205
   472 :    397    417    292    544
   473 :    465    239    262    232
   474 :    516    559    352    388
   475 :    222    313    614    613
   476 :    453    452    406    471
   477 :    175    228    418    460
   478 :    447    242    345    174
   479 :    311    188    187    412
   480 :    537    398    158    323
   481 :    194    377     75     81
   482 :    377    410      4     75
   483 :    246    186    492    367
   484 :    474    350    379    389
   485 :    533    349    598    181
   486 :    283    169    328    330
   487 :    233    540    574    407
   488 :    575    237    569    391
   489 :    577    408    229    265
   490 :    548    467    437    581
   491 :    244    155    269    177
   492 :    593    487    486    477
   493 :    505    568    436    467
   494 :    586    604    299    274
   495 :    443    478    476    203
   496 :    176    304    589    276
   497 :    253    263    227    584
   498 :    281    573    251    378
   499 :    319    591    380    390
   500 :    162    415    457    381
   501 :    240    429    207    475
   502 :    199    580    223    248
   503 :    584    227    448    242
   504 :    306    277    495    296
   505 :     38    255    175     59
   506 :    596    434     83    102
   507 :     98     88    438    285
   508 :    486    179    436    568
   509 :    285    179    284    597
   510 :    127    147    465    530
   511 :    558    225    485    503
   512 :    220    528    300    335
   513 :    294     91     94    295
   514 :    178    272    271    505
   515 :    272    469    468    271
   516 :    302    171    334    261
   517 :    163    545    604    217
   518 :    504    241    170    570
   519 :    473    283    330    327
   520 :    136    138    494    387
   521 :    300    181    320    317
   522 :    523    266    268    238
   523 :    360    331    512    361
   524 :     43     55    398    537
   525 :    331    189    297    512
   526 :    528    533    181    300
   527 :    381    457    464    250
   528 :    349    482    414    598
   529 :     46     52    605    606
   530 :     51     46    606    607
   531 :     47     51    607    608
   532 :     50     47    608    609
   533 :     48     50    609    610
   534 :     49     48    610    611
   535 :     35     49    611    612
   536 :      2     35    612     65
   537 :    107    113    613    614
   538 :    114    107    614    615
   539 :    108    114    615    616
   540 :    115    108    616    617
   541 :    109    115    617    618
   542 :      6    109    618    119
   543 :      8     22    619    620
   544 :      0      8    620     36
Number of domains 8
  Domain :      0 
  Name : Symmetry
  Number of elements :     28
     0     1     2     3     4     5     6     7     8     9
    10    11    12    13    14    15    16    17    18    19
    20    21    22    23    24    25    26    27
  Domain :      1 
  Name : Entity 1 
  Number of elements :     28
    28    29    30    31    32    33    34    35    36    37
    38    39    40    41    42    43    44    45    46    47
    48    49    50    51    52    53    54    55
  Domain :      2 
  Name : Entity 2 
  Number of elements :      8
    56    57    58    59    60    61    62    63
  Domain :      3 
  Name : Entity 3 
  Number of elements :     14
    64    65    66    67    68    69    70    71    72    73
    74    75    76    77
  Domain :      4 
  Name : Entity 4 
  Number of elements :     22
    78    79    80    81    82    83    84    85    86    87
    88    89    90    91    92    93    94    95    96    97
    98    99
  Domain :      5 
  Name : Entity 5 
  Number of elements :     14
   100   101   102   103   104   105   106   107   108   109
   110   111   112   113
  Domain :      6 
  Name : Entity 6 
  Number of elements :      8
   114   115   116   117   118   119   120   121
  Domain :      7 
  Name : Bottom
  Number of elements :     28
   122   123   124   125   126   127   128   129   130   131
   132   133   134   135   136   137   138   139   140   141
   142   143   144   145   146   147   148   149
