Size 674,2
0.000000000000000000e+00,1.036130757307261873e-317
0.000000000000000000e+00,0.000000000000000000e+00
-6.613695745819236471e+00,-2.372360731924599975e+01
5.086165714002072846e+00,-2.543605465738457028e+01
3.858605985936135241e+00,-7.678504232800897000e+01
-4.927770776783805928e+00,-7.207030340290229731e+01
-4.709262295013104449e+00,-2.404355801298105533e+01
0.000000000000000000e+00,0.000000000000000000e+00
0.000000000000000000e+00,1.036130757307261873e-317
0.000000000000000000e+00,1.036130757307261873e-317
0.000000000000000000e+00,1.036130757307261873e-317
0.000000000000000000e+00,1.036130757307261873e-317
0.000000000000000000e+00,1.036130757307261873e-317
0.000000000000000000e+00,1.036130757307261873e-317
0.000000000000000000e+00,1.036130757307261873e-317
0.000000000000000000e+00,1.036130757307261873e-317
0.000000000000000000e+00,1.036130757307261873e-317
0.000000000000000000e+00,1.036130757307261873e-317
0.000000000000000000e+00,1.036130757307261873e-317
0.000000000000000000e+00,1.036130757307261873e-317
0.000000000000000000e+00,1.036130757307261873e-317
0.000000000000000000e+00,1.036130757307261873e-317
0.000000000000000000e+00,1.036130757307261873e-317
0.000000000000000000e+00,1.036130757307261873e-317
0.000000000000000000e+00,1.036130757307261873e-317
0.000000000000000000e+00,1.036130757307261873e-317
0.000000000000000000e+00,1.036130757307261873e-317
-5.450408629819953887e+00,-2.691424776025123933e+01
-6.665223865958266103e+00,-3.237238510515113177e+01
-4.329624657311298641e+00,-3.568458196175722463e+01
-6.921084609132728549e-02,-3.744196460971625839e+01
-3.246145321603704836e+00,-3.778561090287163893e+01
-7.111281645068158852e+00,-4.366264043104150971e+01
-2.871804747621771625e+00,-4.779854067824785346e+01
7.336938979059931532e-01,-5.125163964313951226e+01
-1.818368970319300670e+00,-5.117067961295845180e+01
-4.376404760807786509e+00,-5.404523998587220746e+01
-9.077389839407713490e-01,-5.751963418961292263e+01
-5.273189688476375814e+00,-5.770573049079807504e+01
-6.856899439031891141e+00,-6.317619746549284088e+01
-5.108817216617953960e+00,-6.664754489684094096e+01
-1.910077646757848135e-01,-6.631766150400770243e+01
-4.674152234638085268e+00,-7.027453447427880917e+01
-2.471880783114938751e+00,-7.329618884380350607e+01
-2.371069142311482913e+00,-7.727890667269620906e+01
-4.339547921547486808e+00,-8.382377329576306124e+01
-3.332583755373601964e+00,-8.709997882812153591e+01
-9.496585670416083147e+00,-9.376357273527683844e+01
-2.075473479205903082e+00,-9.688136643906960899e+01
-8.838689691315765984e+00,-9.741216973731667395e+01
-4.968232055951768977e+00,-1.061671660489644893e+02
9.578969386871714065e+00,-1.064511054772355862e+02
8.389609756857561607e+00,-1.035359340147721667e+02
3.569925965810415391e+01,-4.833355411338600049e+01
3.264330162366265164e-01,-2.714430592846021639e+01
3.116346907005327793e+00,-2.638955903381949142e+01
3.308910488576690678e+00,-3.087035861605725273e+01
2.522749416785587062e+00,-3.160536780535969470e+01
-8.536606514822187020e-02,-3.320484657997874933e+01
-1.186771295670881798e+00,-3.305715738452403940e+01
-9.464172650693643274e-02,-3.009186339377313857e+01
-4.124043733419843427e+00,-2.827977584396047206e+01
-1.517538744732871647e+00,-2.972522557782413344e+01
6.804686947571048528e+00,-2.554878743397696894e+01
7.139703433785430597e+00,-3.347653484559409520e+01
1.357528860292985584e+00,-3.627634628320265620e+01
7.601211626180538472e-01,-3.587835020792321217e+01
5.948234425872556130e+00,-3.901811191470590501e+01
7.710054131021930601e-01,-4.198335870406442893e+01
-1.053451850191454486e+00,-4.175890028463772552e+01
5.600166060953502445e+00,-4.756105461301375925e+01
-2.341520541166740299e-01,-4.929045653973436458e+01
5.821708851084789416e+00,-5.342214810088963617e+01
2.084538424710212556e+00,-5.456471476229683759e+01
8.893748305941324706e-01,-5.365884179197198733e+01
9.102717607325281790e+00,-5.752103439180394417e+01
1.700507812656351758e+00,-6.194526453530878740e+01
1.481414713404490380e+00,-6.461251946033111437e+01
6.472728106462620978e+00,-6.826049513737908114e+01
2.665351362349257514e+00,-8.012101043510234888e+01
4.975916806355600741e+00,-8.074582515912909741e+01
2.495954953015718125e+00,-9.208937588130091001e+01
7.215651333747834961e+00,-1.018047917769023201e+02
3.524499728116749164e+00,-1.037188207484365563e+02
5.321926071932946201e+00,-1.041847392594703052e+02
-3.147835015571218253e+00,-1.059591723649881061e+02
-1.110756434390927794e+01,-1.228575607599416770e+02
9.175712072605602287e+00,-1.145400952814814417e+02
1.351345216616151568e+01,-1.176002016934032497e+02
1.339589632361563254e+00,-1.155001410369903994e+02
6.490698443220002112e+00,-1.106986456298872099e+02
5.854741926173158362e+00,-1.125346547415465039e+02
2.557047890590449679e+00,-1.048137014810339451e+02
6.360377905442790580e-02,-9.981905429878536040e+01
-1.216386688742849609e+00,-8.427973035586398964e+01
-3.706453410079819211e+00,-8.316041211680165191e+01
-3.280207309919383807e+00,-7.395823400722039764e+01
-2.298043235412940088e+00,-6.850584840774271811e+01
-4.369060940832856232e+00,-6.073825274569954757e+01
-2.286306658003740999e+00,-5.713631751194446196e+01
-3.132152814369500771e+00,-5.663043042340542854e+01
-1.380102801389602396e+00,-5.592546818045175172e+01
-3.921413700885563181e+00,-5.276772626840555347e+01
-3.482191044527505941e+00,-4.767229630206156088e+01
1.386654594959420894e+00,-4.920839018515632546e+01
-3.577914487884314099e+00,-4.558416568409531067e+01
-1.922231917644191324e+00,-4.471177913020656547e+01
8.216926878046223459e-01,-4.430355933732121798e+01
-3.424186813365967641e+00,-4.044149400615333434e+01
-4.131111143322734769e+00,-3.752528696943344499e+01
-1.349868769405567326e+00,-3.527883514920889496e+01
-7.314674892227881031e+00,-3.053464702653684171e+01
-7.404338116423000216e+00,-2.447137396633124240e+01
1.040105696811377456e+01,-1.071023159429699234e+01
1.744853699431049776e+01,-1.434626185323126890e+01
5.892357941506441321e+00,-2.551514916091974428e+01
-3.259564182703538648e+00,-3.433761869813852741e+01
9.274955320450591900e-01,-3.351708181952477617e+01
-1.122861941671423475e-01,-3.417191251204857849e+01
-2.362371356634609842e+00,-3.038928398990911006e+01
-4.261852600310748862e+00,-2.725846153847084707e+01
-1.033766933645541952e+00,-2.826901591646191392e+01
0.000000000000000000e+00,0.000000000000000000e+00
0.000000000000000000e+00,0.000000000000000000e+00
0.000000000000000000e+00,0.000000000000000000e+00
0.000000000000000000e+00,0.000000000000000000e+00
0.000000000000000000e+00,0.000000000000000000e+00
0.000000000000000000e+00,0.000000000000000000e+00
0.000000000000000000e+00,0.000000000000000000e+00
0.000000000000000000e+00,0.000000000000000000e+00
0.000000000000000000e+00,0.000000000000000000e+00
0.000000000000000000e+00,0.000000000000000000e+00
0.000000000000000000e+00,0.000000000000000000e+00
0.000000000000000000e+00,0.000000000000000000e+00
0.000000000000000000e+00,0.000000000000000000e+00
0.000000000000000000e+00,0.000000000000000000e+00
0.000000000000000000e+00,0.000000000000000000e+00
0.000000000000000000e+00,0.000000000000000000e+00
0.000000000000000000e+00,0.000000000000000000e+00
0.000000000000000000e+00,0.000000000000000000e+00
0.000000000000000000e+00,0.000000000000000000e+00
0.000000000000000000e+00,0.000000000000000000e+00
0.000000000000000000e+00,0.000000000000000000e+00
0.000000000000000000e+00,0.000000000000000000e+00
0.000000000000000000e+00,0.000000000000000000e+00
0.000000000000000000e+00,0.000000000000000000e+00
0.000000000000000000e+00,0.000000000000000000e+00
0.000000000000000000e+00,0.000000000000000000e+00
0.000000000000000000e+00,0.000000000000000000e+00
-1.085092854336198620e+00,-4.672918237683740017e+01
-3.088302410086782412e+00,-4.732685042122860608e+01
6.597214293586105560e-01,-3.652946000672895366e+01
-3.683939368789089230e-01,-3.348693904257168441e+01
2.231983318998350008e+00,-5.082129064558959186e+01
3.276667009664188668e-01,-5.286587275485825188e+01
-4.851412880390587823e+00,-1.149498780420058921e+02
4.538485037987181059e-01,-1.061049702100542049e+02
2.118642239351623324e+00,-4.900855155140931174e+01
9.933445431565231243e-02,-1.300453902775855042e+01
-3.267432513616733036e+00,-2.012836211365599226e+01
-3.304394572474888547e-01,-6.325773990090155507e+01
-7.921484514852991099e-01,-6.815847337861376332e+01
-1.601585827151307928e+00,-6.938261695094203674e+01
-1.286013247772715973e+00,-1.161709302617220629e+02
-4.801180544137876538e+00,-4.266827879413003188e+01
-2.297446693901725734e+00,-1.126543913954667744e+02
5.313738908800037741e+00,-2.863438077665444936e+01
-4.289505097324544991e+00,-7.908732924641084594e+01
2.798966757470781275e+00,-8.165005530866649508e+01
1.340466337185164114e-01,-3.983608666915198881e+01
-6.692406089856334894e+00,-2.556650230936544688e+01
8.243434161142756400e-01,-7.588567217352270688e+01
-1.870870927599662392e-01,-3.439669383768834621e+01
-3.596060157445477024e-01,-8.597221215518297299e+01
-4.910802594349285011e-01,-1.068202591416486484e+02
-4.238141409454067698e+00,-1.042708025453960232e+02
6.839057183410646168e-01,-1.193077926318767510e+02
2.779426288551607449e-01,-1.497076474609602847e+01
-5.784158217824867165e+00,-8.610917993368290979e+01
1.061197803446316312e+00,-2.250565765643144900e+01
-1.444312868593586874e+00,-4.668432082975112252e+01
-1.307116982438091712e+00,-1.245965977806477127e+02
7.316041287662686798e+00,-1.328315260221764618e+02
-1.572688705318868951e+00,-9.090744176314180436e+01
-7.886704979030955132e-01,-2.421051952772162608e+01
3.720669696517818537e+00,-1.314875090636632926e+01
-2.767017772048760538e+00,-5.618951323162088585e+01
1.778073645694951299e+00,-5.973791645698791086e+01
-2.040304537720982303e+00,-5.533359133267646257e+01
6.812173960518057569e+00,-4.162840605280175765e+01
-3.084016570263249601e+00,-3.716762929241939872e+01
-1.318592169244529599e-01,-4.448642228543423727e+01
1.635292025730002985e-01,-4.476137603033284051e+01
4.587679827213272943e-01,-3.153762647845370637e+01
-8.381304497038987167e-01,-3.186546842204389662e+01
4.114344760719012228e+00,-3.562011609663031209e+01
-1.504123200800212778e+01,3.611853467926432248e+00
-1.553114167265563417e+01,-5.615926921946874728e+01
2.089985951678903220e+00,-4.774737687371447237e+01
7.147960772826158049e+00,-1.849505051834128366e+01
-2.106608567899922679e+00,-3.132306448567124235e+01
1.197154293594843466e+01,-1.271936343385510639e+02
-1.710356751070334269e+01,-1.739021186915481820e+01
-2.475406843578734917e-01,-3.530725365245344705e+01
1.268146969329379425e+00,-3.224330652699293864e+01
-1.454721857886670966e+00,-3.677744869631100499e+01
2.718260137329743920e+00,-1.912551581844921245e+01
7.447656550075275383e+00,-9.825442992440258649e+01
4.770836068745771819e+00,-1.002308530892431122e+02
2.839767142883307116e+00,-1.133920745808358390e+02
-5.555092017695783646e+00,-1.023853975060696655e+02
-8.728032230903357558e+00,-1.142355088108378141e+02
-3.198574664764658237e+00,-1.015192561238537792e+02
-5.571853843619072322e+00,-1.110194741349630760e+02
-8.097694441983581015e+00,-1.262153174801749742e+02
6.451460088361359313e-01,-1.218599118181936944e+02
-1.518836825225850395e+00,-1.067998471748120721e+02
-1.061248644311976541e+01,-1.291164754752944930e+02
-1.138601125846304463e+00,-1.268346427489537831e+02
-1.536569165566520034e+01,-1.242709421740168665e+02
-2.631804910448404922e+00,-1.010030145865867297e+02
-5.149100041192627764e+00,-1.116119328293061272e+02
4.007974655883742021e-01,-1.236937475857052391e+02
-1.692694358483076922e+00,-1.239647939565590775e+02
4.915723557143475198e+00,-1.394158333784226613e+02
-8.889565549636514463e-01,-1.305433003297510481e+02
-9.619083315924289224e+00,-1.064565385815885179e+02
-4.395879068060629002e+00,-9.397981125917736733e+01
1.971701514645916253e+00,-1.000779385644603821e+02
-4.962446772558065433e+00,-9.692874453488332165e+01
-3.111794987751718367e+00,-1.278709564577857236e+02
4.477857394991233697e+00,-1.105332284988780458e+02
7.731850871847401052e-01,-1.396980053453192170e+02
-4.709531511551602101e+00,-1.402209168873348801e+02
1.941725626150444084e+00,-1.018529825500008457e+02
-4.204283012835641209e+00,-1.077455052581455988e+02
-9.498336579305027172e+00,-1.108486238021015851e+02
-1.210051034456626340e+01,-1.101242597769886800e+02
1.043627670354472459e+00,-9.767043744395935789e+01
-1.644644826781585190e+00,-1.138147702734302698e+02
7.160110940763782850e+00,-9.904032902915479042e+01
1.426299187670665347e+01,-1.069152301174881359e+02
5.405646144248867024e+00,-1.080489209658030774e+02
1.059521189606422276e+01,-9.818914056279814417e+01
8.954517369304042518e+00,-1.229583138411460226e+02
1.627481865608799438e+01,-1.170421749319056488e+02
7.957523322696993695e+00,-7.032109588804070199e+01
7.076156684337516545e+00,-1.034762096062412127e+02
-3.258638093685103598e+00,-1.309575903668520311e+02
-1.364918769007750887e+00,-1.311498885408301192e+02
-3.597226225522268006e+00,-9.664105155431427363e+01
5.586830523847929442e+00,-6.326627411885255015e+01
4.267438021158999284e+00,-8.261022837570270383e+01
4.843712972761452740e+00,-4.230244483443491532e+01
8.263323521584380771e+00,-4.698612575177005368e+01
6.053756234125978075e+00,-5.338864814579716978e+01
-7.711727456037266171e-01,-1.253223845423045191e+02
6.774909998043802339e+00,-1.490264876686320861e+02
-6.286769381140703272e-01,-1.172012033178899060e+02
5.093798392396272412e+00,-2.540985189813293488e+01
4.234248773326098281e+00,-3.672434776740666251e+01
1.159200464801694030e+00,-5.782180678951590380e+01
2.083991778709884723e+00,-3.794674569233143302e+01
3.541823840250987399e+00,-6.794554992391543635e+01
3.116519393217345169e+00,-4.408843697621132662e+01
6.315912410765228024e+00,-3.384107323621238805e+01
2.467635915941376101e+00,-3.368192923901983704e+01
1.435832121230795178e+00,-4.938105265040746161e+01
2.895331066577914836e+00,-3.847555132778190057e+01
-2.369684899513355703e+00,-2.391209384977541674e+01
1.601700551704019759e-01,-5.943764966224351554e+01
1.438365951972592649e+00,-4.438250408773522793e+01
4.142961301390791995e+00,-2.602690466608392938e+01
3.324734843471201184e+00,-3.362837820046976134e+01
-3.454312583174901974e+00,-5.050885617956597429e+01
4.946803808797953228e-01,-4.576528037775899804e+01
-1.768761012207582972e+00,-5.183539198386209534e+01
2.092926317065598729e-01,-5.096919892611732195e+01
2.286079776374445593e+00,-2.922116937317547070e+01
1.049722848238824335e+00,-3.928426454275150803e+01
-1.800666987109947659e+00,-4.717148624826239001e+01
-1.829139360166725181e+00,-5.057489571062091471e+01
-1.121097811320273863e+00,-4.597394970653193269e+01
-1.444785700311091770e+00,-4.628554659790035686e+01
-7.867829666580146777e-03,-3.786744553213845421e+01
-3.412321026143993463e-01,-4.218567554808073083e+01
5.611988229450642907e-01,-4.384229729566234823e+01
9.129798937788625723e-01,-4.681651774204460281e+01
8.259646432151582229e-02,-4.220979178647746011e+01
1.733993856693121227e+00,-4.534584232556156280e+01
1.898465085791452900e+00,-3.778010903511479057e+01
8.853437082599311392e-01,-4.233331519299456147e+01
1.463964611884999600e+00,-4.165393506655392031e+01
-2.620363161200816027e-01,-2.521931335172347488e+01
1.105026275799345203e+00,-3.209575421336047896e+01
-1.113563467663121198e+00,-4.419531963702621624e+01
-6.861417358115443621e-01,-2.530318572646323005e+01
2.890736726681776059e+00,-1.854716601337926818e+01
-2.055497244419552949e+00,-2.308701952869715157e+01
4.048621572251756895e+00,-2.691986434243302995e+01
9.623201639965509591e-01,-1.520806131518647319e+01
5.593633413449746739e-01,-7.077359273415552821e+01
3.964238004599988763e+00,-1.964987627212051180e+01
1.319912602806343260e+00,-5.213207845163355358e+01
-1.606267965308521228e+00,-6.092914506520919105e+01
6.107497427565424797e-01,-4.689741554359529374e+01
-9.815274561693289324e-02,-5.287255517161444374e+01
1.131757534827674938e+01,-3.253249818080366396e+01
3.995744741593778127e+00,-1.898399342131044421e+01
4.132941669910696447e+00,-2.061255301780263949e+01
-8.718193259437041931e+00,-1.059529516735483554e+02
8.892583648429893683e-01,-5.947956854402970350e+01
-1.132671437663322345e-01,-5.442028321296204041e+01
6.310527340577114508e+00,-8.480919260155867789e+01
3.407144432060865036e+00,-4.365637248402583026e+01
-3.455250342602774971e+00,-1.130411568267362981e+02
-1.014899769155606535e+01,-1.173920911453166553e+02
-9.601263269220128294e+00,-1.274061788908103665e+02
8.399069298891236102e+00,-1.392970139046425970e+02
-7.621494053751116660e+00,-1.368698671376875495e+02
-7.107205887827443114e+00,-1.257791723666821184e+02
-1.880791937606294706e+00,-1.196557977060794258e+02
-1.691469477179504466e+00,-8.722618614637649159e+01
1.939111518176031446e+00,-1.327443529931429396e+02
-2.449956272366922150e+00,-1.098719823727724361e+02
1.071070298384840136e+01,-1.332480476213931126e+02
8.928751155231109848e+00,-1.237620047351971238e+02
-2.124304435189758866e+00,-9.456535471224840705e+01
7.378337725692400983e-01,-9.711632478462668416e+01
6.606105955333904101e-01,-9.474137037304426201e+01
-4.135249644268077951e+00,-8.091019493455581824e+01
-6.172009840147106630e+00,-7.645332315817015001e+01
2.691058802645344805e+00,-6.535368849472689590e+01
2.404813073460137396e+00,-6.185013013069541898e+01
8.545931333035988731e-01,-7.035445193887422022e+01
-8.374621821470395133e+00,-7.351533555796682151e+01
-3.992503924771406254e+00,-5.164965869377185470e+01
3.244950386383246066e+00,-6.909522842740491910e+01
-5.061525240301306461e+00,-5.977217997827539619e+01
4.796359064659381222e-01,-6.879827377839656322e+01
-5.452042995522558222e+00,-6.158906493010781702e+01
-1.393624734247607799e+00,-5.574934433741338324e+01
-1.998954124153386191e-01,-5.628333259703711633e+01
-1.432407254069759661e+00,-5.623918952954941375e+01
1.184534414535568292e+00,-5.388712629968006240e+01
-3.093379023871634548e+00,-4.964683081179204294e+01
1.909291565354459097e+00,-5.668175353655244209e+01
-7.403274450187559141e-01,-4.599834485041060361e+01
1.719960955770188038e+00,-5.672500367982145519e+01
-1.853070851921431839e+00,-4.928780175140585129e+01
1.662546881648940600e+00,-5.151470942744577286e+01
9.531426840000634115e-02,-5.104492767389920260e+01
1.422979850510406041e-01,-4.942373321966871913e+01
9.977795231614899896e-02,-4.794443690846281925e+01
-4.031734217065299775e-01,-5.031631107551150706e+01
-2.191957517418506640e+00,-4.552762949683267379e+01
-7.463529451780162027e-01,-4.501278049654010971e+01
2.744961450701075556e-01,-4.305796990907489885e+01
1.109379339078803817e+00,-4.464417974282913804e+01
-3.284318547217002227e-01,-4.517244018495707536e+01
-1.391900686301587586e-01,-4.549639949918418580e+01
-2.714911155829717315e-01,-4.372418863879066464e+01
1.556663442101621886e+00,-4.253956660326298334e+01
8.510439385178062421e-01,-4.268174703091778355e+01
3.550441191064490631e-01,-3.690644751433169546e+01
1.095286059571193737e+00,-4.033393376605066294e+01
2.661682758370368163e+00,-3.822631500816232375e+01
-1.300139410346541347e+00,-5.624117410816728579e+01
-4.723303052045709549e+00,-7.486099549582937129e+01
-1.914108571236514678e+00,-4.321089910800525757e+01
-3.167140690864495678e+00,-4.762687598352626139e+01
2.608822632913953665e+00,-4.871269171033276990e+01
-1.323333119601765473e+00,-6.272958674632282339e+01
-6.179346583631678547e-01,-3.889012604099743697e+01
-4.452758743140443065e-01,-4.925317708248944371e+01
6.362417080227044108e-01,-4.986375155804675074e+01
2.886104655250588014e+00,-4.403930846792820830e+01
1.716320567572455102e+00,-3.381766897428094154e+01
-8.961166776072708728e-01,-3.534031545241589356e+01
2.682682325039701610e+00,-5.049091985020433526e+01
-1.232928795715715120e+00,-8.351750471243390450e+01
-8.428031714598384072e-01,-5.351565768922019828e+01
-8.931390969033811800e+00,-8.343129714914036299e+01
7.461862242159084113e-01,-8.213166352593376018e+01
-1.037059225571671739e+01,-7.938428959230429882e+01
-8.004599255171062078e-01,-9.246667636304165683e+01
2.223065771644367583e+00,-8.640513704083848268e+01
-4.946785596406556573e-01,-5.677048982211638872e+01
-2.227139421911564499e-01,-4.109374681793812556e+01
3.242092889297783387e+00,-3.116066984388801586e+01
2.148646494404106821e+00,-4.019889045612201528e+01
-6.607668826726576405e+00,-1.085270447569719607e+02
7.683935305288943640e-01,-6.903476716007122604e+01
-3.605620724441492175e+00,-1.228984119109278339e+02
1.358728221771329991e+01,-1.247712357858121521e+02
6.181367781991886634e-01,-1.037406552420159187e+02
2.152199977818792576e+00,-5.580622132146008596e+01
1.612737253399378012e+00,-6.297947136191378803e+01
-2.341457402532534648e-01,-6.122496904662788353e+01
3.832220236032805039e-01,-2.578313563757879834e+01
2.596705752280734636e+00,-1.512907924414976613e+01
-1.547418850610409358e+01,-1.281018297924998990e+02
-4.757477086530642829e+00,-9.730721804742817937e+01
1.081405957035682652e+00,-2.973931842336663678e+01
6.611695758756960473e+00,-1.210532083532877863e+02
-2.809849451204326609e+00,-5.828655580689809312e+01
-2.087720639643197429e-01,-8.522463593000655635e+01
-2.585812052386834203e+00,-9.185942133199915816e+01
-3.359777177505138379e+00,-1.191550618603052953e+02
-1.953966258352671126e+00,-1.031217536105522470e+02
-4.322678452214902656e+00,-1.103030689335193983e+02
9.953464407561316563e+00,-1.314513126103960587e+02
-3.825874874485795107e+00,-7.934594729108761157e+01
-5.380689271508796168e+00,-9.517061894202207384e+01
-5.346319979482298812e-02,-5.155251739246218534e+01
1.319925400444237409e-02,-7.505433374016021730e+01
-1.397729381383086888e+00,-1.078374880050331228e+02
-5.715621110023585416e-01,-7.187691799552023042e+01
1.727303736593773342e+00,-2.017081812934766205e+01
7.345577008984219169e+00,-1.321797587236471827e+02
2.490912938179354885e+00,-9.424004018740963318e+01
1.705441278318468035e+00,-3.328192099631682055e+01
6.649215652479652405e+00,-2.099015635128959190e+01
-7.745136833873223381e+00,-1.310613746136558291e+02
1.498468993590620357e+00,-4.696053152432829592e+01
1.415245844524414709e+00,-2.551955254336920120e+01
5.613742159504747420e+00,-2.115274987456025002e+01
6.505480432290283055e+00,-2.586879407236588690e+01
3.041788474038784607e+00,-6.915979429196485739e+01
5.963410526796280919e+00,-6.416132769005035641e+01
-7.504743853000308551e-01,-6.694834608299264289e+01
-6.503553891916817875e-01,-5.696305109502343811e+01
-1.167878156919237354e+00,-4.246618619412809181e+01
-2.425057485390246459e+00,-3.803937091395636116e+01
-1.065660917988761947e+00,-4.160121240888382488e+01
-2.460090498954136340e+00,-4.013027411258394039e+01
1.216642478142669459e+00,-3.778568283470535505e+01
4.189306028941931492e-01,-5.034295058111488430e+01
6.323457478962770661e-01,-4.730287125891778999e+01
1.647522877807680253e+00,-8.821855241510033352e+01
-1.063433452854756878e+00,-6.975912331459805671e+01
2.083117667944180074e+00,-5.164891527423836948e+01
-5.290836466869198729e-01,-5.165625606040212858e+01
6.544871880534369746e-01,-4.889654333102835437e+01
-2.071876950409151874e+00,-7.726923196454679044e+01
1.619608127064375624e+00,-3.072729780527258825e+01
-9.026437018064884299e+00,-1.316107312546917640e+01
-1.161940488981000463e+01,-1.946359236355269928e+01
-1.786089619309658616e+01,-1.726337038991301753e+01
-4.302149404514540088e+00,-5.417300584828391408e+01
1.199464032039906058e+01,-1.514142773802498532e+01
1.444957187062779314e+00,-6.042095371833961792e+01
2.246457220106104213e-01,-4.122114373627341877e+01
5.334772396123297789e+00,-5.521461557522270880e+01
-9.652431216243264611e-01,-5.480166712371265447e+01
5.592254151521319550e+00,-5.632508236781060162e+01
-5.156622859747622689e-01,-8.880876146050503905e+01
-4.510550538552319799e-01,-6.607872047964644935e+01
-1.890612317377976748e+00,-8.449110334640604947e+01
3.391683087286396781e-01,-9.306936757967966400e+01
-8.179130536812113661e-01,-8.243663108978546461e+01
-2.312112432633218528e+00,-3.691841101830471672e+01
-1.209921427659581461e+01,-9.470716237957350359e+01
-1.003775028762653676e+00,-4.637258518577785082e+01
2.626190650422240758e+00,-5.358526737558188557e+01
4.246934611921421854e-01,-5.386813361339698503e+01
2.341870016840767121e+00,-6.871409528560936053e+01
1.980904264430901174e+00,-3.922825090890872701e+01
8.849239545689653319e-01,-3.728488774435233211e+01
-2.667057993257879733e+00,-3.529449794695513276e+01
-3.034043004801689758e+00,-3.428031177795705275e+01
-2.334069866476859989e+00,-4.318168206618706506e+01
-1.531554987485311603e+00,-4.284040741049737022e+01
-6.523539114135424866e-01,-3.376868437057650851e+01
2.209369458894607785e+00,-4.616212485905322183e+01
-1.688064423765298638e+00,-3.466717738030396134e+01
3.446095286988762330e-01,-3.104057582235351376e+01
2.931753178887583466e+00,-3.422502295186259147e+01
3.771689304223880601e+00,-2.190939869241051952e+01
2.698054176019726746e+00,-2.831834141417388295e+01
5.880096814392987703e+00,-1.316304785482493500e+01
5.709663706624669155e-01,-3.737087584259863604e+01
-1.603900753902816723e+00,-3.451330148693432420e+01
-4.038538969378749677e+00,-3.472715365360549100e+01
-2.671412776040583137e-01,-3.832807970327616687e+01
3.993523573226738232e-01,-1.485707539635933649e+01
3.643333847936175207e+00,-1.153746105415445378e+01
-3.861803086015563879e-01,-6.750768145910184614e+01
-2.347152596186375284e+00,-5.117692014248792987e+01
-1.975833137908365345e+00,-4.096702718997565285e+01
2.911884799500025434e+00,-8.094376305369102909e+01
-1.474432553236824761e+00,-6.258718903708641079e+01
1.672821170170060601e+00,-2.687383149950342087e+01
1.141666255471283531e+00,-2.200363526345992327e+01
-7.614444815053552640e-01,-2.108429908971603695e+01
8.945098452908256670e-02,-8.813343021566258528e+01
-9.289764172142513488e+00,-9.455448927612236787e+01
6.733690363008702384e+00,-2.736658472415567189e+01
3.860273714322054683e+00,-2.582854763762743389e+01
-7.640281848060602954e+00,-9.573741326516761774e+01
-1.989151612449649331e+00,-3.937257490636793023e+01
5.727218657782661815e+00,-5.301239914628193617e+01
1.152614444454117093e+00,-4.038096388066008302e+01
-4.505101951471703337e-01,-3.557214440659215882e+01
8.181297088613618262e-01,-5.063416228949819953e+01
5.670982812769329584e-01,-5.945679901329491202e+01
1.086042853595191371e+00,-4.831579930891934538e+01
1.545036754214807351e+00,-5.594885206974136338e+01
-1.934304203270326983e-01,-6.356454371294425698e+01
2.279235161861177250e+00,-7.342950365155984116e+01
-6.458644459893719825e-01,-4.217078812670150256e+01
4.287519361490728542e+00,-6.981595603466954003e+01
-9.941964544888822752e-01,-4.584439418522521947e+01
1.119157190567985571e+00,-4.749315072314765018e+01
-9.527188419065639735e-01,-4.315720787201967568e+01
-9.045575709785245166e+00,-3.416934261985348797e+01
-1.040177882299022194e+01,-4.970398439653330058e+01
-5.148999465371614237e-01,-5.988957651129911852e+01
-3.560959133098057894e+00,-4.989557218104223324e+01
8.473196390047913695e+00,-9.167479206593016272e+01
5.628066340058038186e+00,-2.414030798273151390e+01
1.343334184821749044e+00,-4.819227079308293327e+01
1.244515368687642898e+00,-4.337775943850689231e+01
-2.935269191198000560e-01,-6.388258088437342508e+01
-8.910287598590355129e-02,-3.889160019720316086e+01
-7.392088993728253676e+00,-1.145726043965853762e+02
9.562575984393766049e-02,-4.002945934898254876e+01
-8.971219144811126700e-01,-7.587055990464190813e+01
2.765409618790028112e+00,-3.035174912532075098e+01
2.577995976180703863e+00,-5.054615840562140505e+01
-8.486917214856796177e-01,-4.347856095132983256e+01
-3.212792330652441297e+00,-3.282547311409457791e+01
3.658903813513504577e+00,-3.389551918251449081e+01
4.929667032867016019e+00,-1.850034279778124713e+01
-1.563467485057711714e+00,-4.943274658964284640e+01
8.844605945420379811e+00,-3.707257617625716506e+01
-2.129319324097895372e+00,-9.082166278008359939e+01
-1.556032572273522341e+01,-1.234515895223770912e+02
2.187696891219523376e+00,-3.406202829718468195e+01
-7.660540137735245558e-01,-8.072391484587058130e+01
2.351348650019387421e+00,-2.792635927500080584e+01
8.180349708871677006e-01,-2.410160387798936199e+01
1.799653359905248662e+00,-2.189325014037224193e+01
6.613530268914693089e+00,-2.268801945511664186e+01
-2.444707454212642350e+00,-6.044030321933109917e+01
5.066050564955885349e+00,-3.169030089124076710e+01
-2.863616483952617919e+00,-3.851975450738748918e+01
-1.602371887749154844e+00,-4.312953972257074753e+01
-4.078269829488403442e-01,-6.407552662017212697e+01
-2.731236977583725523e+00,-1.181873029766681071e+02
2.977554676681308798e+00,-9.226147712557467173e+01
1.757976938630630315e+00,-5.236109456340926016e+01
-4.869236070310509312e+00,-8.512083201996870230e+01
-2.309488161223790748e+00,-9.175001862788083429e+01
8.545886522322865275e+00,-1.404020310828693852e+01
5.246138775022260781e+00,-9.180171295551957655e+01
3.202713913715060645e+00,-1.313533801146733992e+01
1.736488409337942906e+00,-8.429428464153768630e+01
6.225998552277304254e-01,-1.274920346953566508e+02
-7.367824619367322470e+00,-4.209162227901443032e+01
-6.397370095257363332e+00,-5.218476220624483375e+01
7.950855747971925069e+00,-1.005617321679411447e+02
-8.852982027472955373e-02,-4.426254819644997696e+01
-2.734772065047044176e+00,-1.211920231962427863e+02
1.064949922666787074e+01,-4.443899748749152678e+01
-1.455549511553277497e+00,-5.800048772094564242e+01
-5.989814920957778899e-01,-9.829621020262179343e+01
-4.738662898146697167e+00,-1.238818650603910783e+02
-2.595547551378311724e+00,-3.485953545191267722e+01
3.060066267041298971e-02,-3.430869778402212233e+01
5.024988429079034757e-01,-6.621386368983814918e+01
-1.571005956390512104e+00,-3.628714250367315941e+01
3.376441606544994922e+00,-3.162130078994560378e+01
2.261564000609865843e+00,-3.104697843353521947e+01
6.351095203458228866e+00,-1.601522518981058596e+01
-1.915926447012525013e+00,-9.979694497151618293e+01
-9.410706902906940119e-01,-4.049225810483151378e+01
-5.128389908667445596e+00,-5.684924434808722538e+01
-6.559807782671532861e-01,-1.074523682705594325e+02
-6.914659504837202819e-01,-4.436044952183825529e+01
3.876778371072862495e+00,-8.386941252019680348e+01
1.302941936490982666e+00,-7.148359440582407842e+01
5.793725577418655348e+00,-4.097641231163940034e+01
5.931844208631683601e-01,-7.288594979537427321e+01
-3.217917853418008067e-01,-6.694087316232206319e+01
2.011646643063943252e+00,-7.028549080063355348e+01
1.026155761796833055e+01,-1.235573067079138667e+02
8.674918744338363519e-01,-3.044743381919429481e+01
-2.903701058366714993e-01,-6.299206305965520869e+01
-7.264670172562412986e+00,-8.729010612031960648e+01
-1.604699202014309822e+00,-6.176737583979592472e+01
-1.223503126044163530e-01,-1.210666730390459946e+02
-1.860800148100425710e+00,-5.979777075081937454e+01
3.758431794153608507e+00,-6.274127579192990822e+01
2.568816911038751538e+00,-5.366718050588700351e+01
3.435372973270256480e-01,-1.038041216128912936e+02
2.974822778084315056e-01,-4.646795022995231506e+01
-1.384953224528380211e+00,-6.134034352998907735e+01
-3.072893017289482387e+00,-2.677698796834338779e+01
-1.234195204322096506e+00,-1.229287864998614843e+01
-8.022378490295493103e-01,-4.903983067225792070e+01
-3.303581489588242270e+00,-1.117190187632471208e+02
3.573507258873778736e-01,-8.263569063564349904e+01
8.878064134642031036e+00,-4.360462670871038426e+01
-8.671694591903201799e-01,-3.083885271222632340e+01
6.455057375236485484e+00,-6.767656665564642537e+01
-4.775660908206007527e+00,-3.537594803265848498e+01
4.599502675988103917e+00,-1.858635448233487608e+01
1.494606195327763842e+00,-1.209188498612814300e+02
-3.300664452177505259e-01,-1.005072689434962712e+02
-3.372478172082173931e+00,-5.355577311896934134e+01
-9.530069660303539525e-01,-1.341824304707824744e+01
3.466478359243713392e+00,-1.497811314857425380e+01
6.516840679234937816e+00,-7.177979066881842130e+01
-1.895572929675731988e+00,-1.678950125570546348e+01
5.701519383348421677e+00,-1.028040719249135151e+02
-1.068379040922437406e+00,-5.917545400778104892e+01
3.073325084078546432e+00,-1.022378288309478620e+02
-8.451331109422085541e-01,-1.794663367241565410e+01
-8.693962176824060473e-01,-2.767934328716760106e+01
-3.803494190401994213e-01,-1.235499259214315160e+01
-5.411878330615827792e+00,-5.376556923739891403e+01
3.240785296548929661e+00,-2.234589709570797567e+01
1.558721544040718499e+00,-5.272735006650148648e+01
1.846919242128454375e+00,-5.785414884716858808e+01
2.692991781280456576e-01,-4.181780180583407258e+01
8.823292397308376778e+00,-5.432550713891137661e+01
7.858926812500112158e-01,-7.900471114620297897e+01
1.683643941961380230e+00,-3.506236193294149928e+01
8.379325179030983506e+00,-3.303774842553238500e+01
4.368905387197633772e+00,-1.094216667415954447e+02
-3.769004291487151326e-01,-4.233683897680167263e+01
1.431723026580594249e+00,-1.993959162786405059e+01
-2.335049665344919756e+00,-9.035205128273233299e+00
-5.210617642201303745e+00,-7.376946049149175622e+01
2.321549687376402549e+00,-6.562957248573574986e+01
2.288422164280495136e-02,-7.644893571835696378e+01
-5.870122880429146761e+00,-3.065529699496729776e+01
2.894826597226038967e+00,-6.050807487909555249e+01
-1.219539985854177777e+00,-4.358523530304081106e+01
-1.754268330201578863e+01,-1.789451020308546347e+01
7.409623300523722200e+00,-9.864195875949102188e+00
1.541756020118318382e+01,-9.160012182231945133e+01
-1.817848729486133852e+00,-8.020050828613621263e+01
3.198245953387147011e+00,-2.832585892139081452e+01
-4.766249691789098186e+00,-3.189598445072143917e+01
-2.660935754417950605e+00,-5.077302168293532247e+01
2.428981617317715891e+00,-8.726174056760134690e+00
1.793886116011391030e+00,-1.146501722694514740e+02
1.050289945703811334e+01,-8.040039020042652851e+01
1.952145962813619740e+00,-5.303111833402436304e+01
2.982339734388931296e-01,-4.292514544566157042e+01
1.211296428226407595e+00,-1.561959773144003982e+01
1.328964022213597440e+00,-1.055135986146621718e+02
2.436408403491807206e+00,-3.028758608525337692e+01
9.509059428783569468e-01,-8.523078771684035360e+01
-1.215895644124248554e+00,-7.610610637491762986e+01
-2.284215443342572982e+00,-4.974143030280740874e+01
-3.628041096740149296e+00,-6.654132064905056154e+01
3.061865035909131505e-01,-4.855125594046472060e+01
4.947811142856301636e+00,-1.136692065511866545e+01
-2.022225572507285296e+00,-6.768723599226100873e+01
3.355698668254185613e+00,-1.087554077358097260e+02
5.877962885219488953e+00,-5.339387907374411668e+01
-4.999680129619846758e-01,-1.114193385366760651e+02
-2.739672323347246419e+00,-2.040744566306195651e+01
-2.675811021856308702e+00,-3.093566858892515725e+01
5.003166485858885792e+00,-8.949097931702519304e+01
-1.967325971376415183e-01,-3.423684091661506557e+01
-4.062026550723681240e+00,-5.071409141174338941e+01
8.711267981663828763e+00,-8.557927238720695584e+01
-2.444377254976238589e+00,-2.870517665575630062e+01
3.134992571016096186e+00,-3.352247883005228601e+01
9.591878806411882064e-01,-3.210225408602001806e+01
